  Integration method chemical reactions:          Euler explicit

  Number of targets:   11


  Time step:

      1.00000E+00

  Final time:

      1.00000E+01


  Dimension + Mixing ratios (by rows) (including boundary and sink/source terms):

     11    1.00000E+00    0.00000E+00    0.00000E+00    0.00000E+00    0.00000E+00    0.00000E+00    0.00000E+00    0.00000E+00    0.00000E+00    0.00000E+00    0.00000E+00
     11    2.08937E-02    8.77535E-01    1.64854E-02    1.28895E-02    9.94298E-03    7.51380E-03    5.49486E-03    3.79904E-03    2.35517E-03    1.10490E-03    4.19861E-02
     11    3.51400E-02    7.65271E-01    1.82207E-02    2.74750E-02    2.11942E-02    1.60162E-02    1.17127E-02    8.09795E-03    5.02024E-03    2.35517E-03    8.94966E-02
     11    4.43189E-02    6.61329E-01    1.57459E-02    3.03671E-02    3.41876E-02    2.58352E-02    1.88933E-02    1.30625E-02    8.09795E-03    3.79904E-03    1.44363E-01
     11    4.94483E-02    5.63849E-01    1.34250E-02    2.58910E-02    3.77863E-02    3.73675E-02    2.73270E-02    1.88933E-02    1.17127E-02    5.49486E-03    2.08805E-01
     11    5.10972E-02    4.70946E-01    1.12130E-02    2.16251E-02    3.15604E-02    4.13010E-02    3.73675E-02    2.58352E-02    1.60162E-02    7.51380E-03    2.85524E-01
     11    4.94483E-02    3.80658E-01    9.06328E-03    1.74792E-02    2.55097E-02    3.33828E-02    4.13010E-02    3.41876E-02    2.11942E-02    9.94298E-03    3.77833E-01
     11    4.43189E-02    2.90882E-01    6.92576E-03    1.33568E-02    1.94934E-02    2.55097E-02    3.15604E-02    3.77863E-02    2.74750E-02    1.28895E-02    4.89802E-01
     11    3.51400E-02    1.99311E-01    4.74551E-03    9.15205E-03    1.33568E-02    1.74792E-02    2.16251E-02    2.58910E-02    3.03671E-02    1.64854E-02    6.26446E-01
     11    2.08937E-02    1.03347E-01    2.46063E-03    4.74551E-03    6.92576E-03    9.06328E-03    1.12130E-02    1.34250E-02    1.57459E-02    1.82207E-02    7.93960E-01
     11    1.00000E+00    0.00000E+00    0.00000E+00    0.00000E+00    0.00000E+00    0.00000E+00    0.00000E+00    0.00000E+00    0.00000E+00    0.00000E+00    0.00000E+00

  Mixing waters indices:

      1    2    3    4    5    6    7    8    9   10   11
      2    1    3    4    5    6    7    8    9   10   11
      3    1    2    4    5    6    7    8    9   10   11
      4    1    2    3    5    6    7    8    9   10   11
      5    1    2    3    4    6    7    8    9   10   11
      6    1    2    3    4    5    7    8    9   10   11
      7    1    2    3    4    5    6    8    9   10   11
      8    1    2    3    4    5    6    7    9   10   11
      9    1    2    3    4    5    6    7    8   10   11
     10    1    2    3    4    5    6    7    8    9   11
     11    1    2    3    4    5    6    7    8    9   10

  Aqueous species:

          h+             
          ch2o(aq)       
          o2(aq)         
          no3-           
          hco3-          
          co3-2          
          h2o            
  Minerals:

  Gases:

          n2(g)          
  Surface complexes:

  Equilibrium reactions:

          co3-2                         

  Kinetic reactions:

          aerobic oxidation of DOC      

          denitrification               

  Global stoichiometric matrix:

                  1.00000        0.00000        0.00000        0.00000       -1.00000        1.00000        0.00000        0.00000
                  1.00000       -1.00000       -1.00000        0.00000        1.00000        0.00000        0.00000        0.00000
                  0.20000       -1.00000        0.00000       -0.80000        1.00000        0.00000        0.40000        0.40000
  Equilibrium constants:

              4.69029E-11

  Global component matrix:

                  1.00000        0.00000        0.00000        0.00000        0.00000       -1.00000
                  0.00000        1.00000        0.00000        0.00000        0.00000        0.00000
                  0.00000        0.00000        1.00000        0.00000        0.00000        0.00000
                  0.00000        0.00000        0.00000        1.00000        0.00000        0.00000
                  0.00000        0.00000        0.00000        0.00000        1.00000        1.00000

  Initial concentration of aqueous species:

              1.22021E-08    1.07870E-07    1.07870E-07    1.07870E-07    1.07870E-07    1.07870E-07    1.07870E-07    1.07870E-07    1.07870E-07    1.07870E-07    1.07870E-07
              1.00000E-02    1.00000E-01    1.00000E-01    1.00000E-01    1.00000E-01    1.00000E-01    1.00000E-01    1.00000E-01    1.00000E-01    1.00000E-01    1.00000E-01
              1.00000E-06    1.00000E-05    1.00000E-05    1.00000E-05    1.00000E-05    1.00000E-05    1.00000E-05    1.00000E-05    1.00000E-05    1.00000E-05    1.00000E-05
              1.00000E-09    1.00000E-08    1.00000E-08    1.00000E-08    1.00000E-08    1.00000E-08    1.00000E-08    1.00000E-08    1.00000E-08    1.00000E-08    1.00000E-08
              1.00000E-01    1.00000E-02    1.00000E-02    1.00000E-02    1.00000E-02    1.00000E-02    1.00000E-02    1.00000E-02    1.00000E-02    1.00000E-02    1.00000E-02
              8.52135E-04    5.88706E-06    5.88706E-06    5.88706E-06    5.88706E-06    5.88706E-06    5.88706E-06    5.88706E-06    5.88706E-06    5.88706E-06    5.88706E-06
              5.55556E+01    5.55556E+01    5.55556E+01    5.55556E+01    5.55556E+01    5.55556E+01    5.55556E+01    5.55556E+01    5.55556E+01    5.55556E+01    5.55556E+01

  Initial activity water:

              9.98005E-01    9.98020E-01    9.98020E-01    9.98020E-01    9.98020E-01    9.98020E-01    9.98020E-01    9.98020E-01    9.98020E-01    9.98020E-01    9.98020E-01

  Initial salinity:

              6.41176E-03    3.60044E-03    3.60044E-03    3.60044E-03    3.60044E-03    3.60044E-03    3.60044E-03    3.60044E-03    3.60044E-03    3.60044E-03    3.60044E-03

  Initial pH:

              8.00000E+00    7.00000E+00    7.00000E+00    7.00000E+00    7.00000E+00    7.00000E+00    7.00000E+00    7.00000E+00    7.00000E+00    7.00000E+00    7.00000E+00

  Final concentration of aqueous species:

              1.22021E-08    1.20824E-08    1.19511E-08    1.18092E-08    1.16594E-08    1.15096E-08    1.13799E-08    1.13259E-08    1.15323E-08    1.29617E-08    1.07870E-07
              1.00000E-02    1.55062E-02    2.15920E-02    2.83184E-02    3.57528E-02    4.39698E-02    5.30518E-02    6.30898E-02    7.41843E-02    8.64468E-02    1.00000E-01
              1.00000E-06    1.55062E-06    2.15920E-06    2.83184E-06    3.57528E-06    4.39698E-06    5.30518E-06    6.30898E-06    7.41843E-06    8.64468E-06    1.00000E-05
              1.00000E-09    1.55062E-09    2.15920E-09    2.83184E-09    3.57528E-09    4.39698E-09    5.30518E-09    6.30898E-09    7.41843E-09    8.64468E-09    1.00000E-08
              1.00000E-01    9.44938E-02    8.84080E-02    8.16816E-02    7.42472E-02    6.60302E-02    5.69482E-02    4.69103E-02    3.58157E-02    2.35533E-02    1.00000E-02
              8.52135E-04    8.00356E-04    7.43126E-04    6.79872E-04    6.09960E-04    5.32688E-04    4.47283E-04    3.52888E-04    2.48556E-04    1.33244E-04    5.88706E-06
              5.55556E+01    5.55556E+01    5.55556E+01    5.55556E+01    5.55556E+01    5.55556E+01    5.55556E+01    5.55556E+01    5.55556E+01    5.55556E+01    5.55556E+01

  Final concentration of aqueous species (transposed):

              1.22021E-08    1.00000E-02    1.00000E-06    1.00000E-09    1.00000E-01    8.52135E-04    5.55556E+01
              1.20824E-08    1.55062E-02    1.55062E-06    1.55062E-09    9.44938E-02    8.00356E-04    5.55556E+01
              1.19511E-08    2.15920E-02    2.15920E-06    2.15920E-09    8.84080E-02    7.43126E-04    5.55556E+01
              1.18092E-08    2.83184E-02    2.83184E-06    2.83184E-09    8.16816E-02    6.79872E-04    5.55556E+01
              1.16594E-08    3.57528E-02    3.57528E-06    3.57528E-09    7.42472E-02    6.09960E-04    5.55556E+01
              1.15096E-08    4.39698E-02    4.39698E-06    4.39698E-09    6.60302E-02    5.32688E-04    5.55556E+01
              1.13799E-08    5.30518E-02    5.30518E-06    5.30518E-09    5.69482E-02    4.47283E-04    5.55556E+01
              1.13259E-08    6.30898E-02    6.30898E-06    6.30898E-09    4.69103E-02    3.52888E-04    5.55556E+01
              1.15323E-08    7.41843E-02    7.41843E-06    7.41843E-09    3.58157E-02    2.48556E-04    5.55556E+01
              1.29617E-08    8.64468E-02    8.64468E-06    8.64468E-09    2.35533E-02    1.33244E-04    5.55556E+01
              1.07870E-07    1.00000E-01    1.00000E-05    1.00000E-08    1.00000E-02    5.88706E-06    5.55556E+01

  Final activity coefficients aqueous species:

              8.19528E-01    8.22796E-01    8.26618E-01    8.31130E-01    8.36519E-01    8.43049E-01    8.51118E-01    8.61370E-01    8.74950E-01    8.94304E-01    9.27044E-01
              1.00000E+00    1.00000E+00    1.00000E+00    1.00000E+00    1.00000E+00    1.00000E+00    1.00000E+00    1.00000E+00    1.00000E+00    1.00000E+00    1.00000E+00
              1.00000E+00    1.00000E+00    1.00000E+00    1.00000E+00    1.00000E+00    1.00000E+00    1.00000E+00    1.00000E+00    1.00000E+00    1.00000E+00    1.00000E+00
              8.19528E-01    8.22796E-01    8.26618E-01    8.31130E-01    8.36519E-01    8.43049E-01    8.51118E-01    8.61370E-01    8.74950E-01    8.94304E-01    9.27044E-01
              8.19528E-01    8.22796E-01    8.26618E-01    8.31130E-01    8.36519E-01    8.43049E-01    8.51118E-01    8.61370E-01    8.74950E-01    8.94304E-01    9.27044E-01
              4.51082E-01    4.58319E-01    4.66896E-01    4.77174E-01    4.89669E-01    5.05138E-01    5.24759E-01    5.50501E-01    5.86048E-01    6.39649E-01    7.38587E-01
              1.79641E-02    1.79641E-02    1.79641E-02    1.79641E-02    1.79642E-02    1.79642E-02    1.79642E-02    1.79642E-02    1.79643E-02    1.79643E-02    1.79644E-02

  Activity water:

              9.98005E-01    9.98006E-01    9.98007E-01    9.98008E-01    9.98009E-01    9.98010E-01    9.98012E-01    9.98014E-01    9.98015E-01    9.98017E-01    9.98020E-01

  Final salinity:

              6.41176E-03    6.24022E-03    6.05056E-03    5.84084E-03    5.60895E-03    5.35252E-03    5.06894E-03    4.75533E-03    4.40847E-03    4.02482E-03    3.60044E-03

  Final pH:

              8.00000E+00    8.00256E+00    8.00529E+00    8.00811E+00    8.01085E+00    8.01309E+00    8.01387E+00    8.01074E+00    7.99610E+00    7.93585E+00    7.00000E+00

  Kinetic reaction rates:

              1.00000E+00    1.00000E+00    0.00000E+00    1.00000E+00    4.69029E-11    1.00000E+00    0.00000E+00    1.00000E+00    0.00000E+00    1.00000E+00    0.00000E+00
              0.00000E+00    0.00000E+00    0.00000E+00    0.00000E+00    0.00000E+00    0.00000E+00    0.00000E+00    0.00000E+00    0.00000E+00    0.00000E+00    0.00000E+00

  Initial concentration of components:

             -8.52123E-04   -5.77919E-06   -5.77919E-06   -5.77919E-06   -5.77919E-06   -5.77919E-06   -5.77919E-06   -5.77919E-06   -5.77919E-06   -5.77919E-06   -5.77919E-06
              1.00000E-02    1.00000E-01    1.00000E-01    1.00000E-01    1.00000E-01    1.00000E-01    1.00000E-01    1.00000E-01    1.00000E-01    1.00000E-01    1.00000E-01
              1.00000E-06    1.00000E-05    1.00000E-05    1.00000E-05    1.00000E-05    1.00000E-05    1.00000E-05    1.00000E-05    1.00000E-05    1.00000E-05    1.00000E-05
              1.00000E-09    1.00000E-08    1.00000E-08    1.00000E-08    1.00000E-08    1.00000E-08    1.00000E-08    1.00000E-08    1.00000E-08    1.00000E-08    1.00000E-08
              1.00852E-01    1.00059E-02    1.00059E-02    1.00059E-02    1.00059E-02    1.00059E-02    1.00059E-02    1.00059E-02    1.00059E-02    1.00059E-02    1.00059E-02

  Concentration of components:

             -8.52123E-04   -8.00344E-04   -7.43114E-04   -6.79860E-04   -6.09948E-04   -5.32677E-04   -4.47272E-04   -3.52876E-04   -2.48545E-04   -1.33231E-04   -5.77919E-06
              1.00000E-02    1.55062E-02    2.15920E-02    2.83184E-02    3.57528E-02    4.39698E-02    5.30518E-02    6.30898E-02    7.41843E-02    8.64468E-02    1.00000E-01
              1.00000E-06    1.55062E-06    2.15920E-06    2.83184E-06    3.57528E-06    4.39698E-06    5.30518E-06    6.30898E-06    7.41843E-06    8.64468E-06    1.00000E-05
              1.00000E-09    1.55062E-09    2.15920E-09    2.83184E-09    3.57528E-09    4.39698E-09    5.30518E-09    6.30898E-09    7.41843E-09    8.64468E-09    1.00000E-08
              1.00852E-01    9.52942E-02    8.91512E-02    8.23615E-02    7.48572E-02    6.65629E-02    5.73955E-02    4.72632E-02    3.60643E-02    2.36865E-02    1.00059E-02
