  Integration method chemical reactions:          Euler explicit

  Number of targets:   30


  Time step:

      1.00000E+00

  Final time:

      4.00000E+01


  Dimension + Mixing ratios (by rows) (including boundary and sink/source terms):

     32    6.53312E-01    0.00000E+00    2.61325E-01    7.54985E-02    8.72481E-03    1.00826E-03    1.16517E-04    1.34651E-05    1.55606E-06    1.79823E-07    2.07808E-08    2.40148E-09    2.77522E-10    3.20712E-11    3.70623E-12    4.28302E-13    4.94957E-14    5.71986E-15    6.61002E-16    7.63872E-17    8.82751E-18    1.02013E-18    1.17889E-19    1.36236E-20    1.57438E-21    1.81939E-22    2.10254E-23    2.42975E-24    2.80790E-25    3.24531E-26    3.76268E-27    4.70335E-28
     32    6.03988E-01    0.00000E+00    9.05982E-02    2.26495E-01    6.97985E-02    8.06610E-03    9.32140E-04    1.07721E-04    1.24485E-05    1.43858E-06    1.66246E-07    1.92119E-08    2.22017E-09    2.56569E-10    2.96498E-11    3.42641E-12    3.95966E-13    4.57589E-14    5.28802E-15    6.11097E-16    7.06201E-17    8.16104E-18    9.43112E-19    1.08989E-19    1.25950E-20    1.45551E-21    1.68203E-22    1.94380E-23    2.24632E-24    2.59625E-25    3.01014E-26    3.76268E-27
     32    6.02012E-01    0.00000E+00    3.14093E-02    7.85233E-02    2.09395E-01    6.95701E-02    8.03971E-03    9.29090E-04    1.07368E-04    1.24078E-05    1.43387E-06    1.65702E-07    1.91490E-08    2.21291E-09    2.55730E-10    2.95528E-11    3.41520E-12    3.94670E-13    4.56091E-14    5.27072E-15    6.09098E-16    7.03890E-17    8.13434E-18    9.40027E-19    1.08632E-19    1.25538E-20    1.45075E-21    1.67653E-22    1.93745E-23    2.23926E-24    2.59625E-25    3.24531E-26
     32    6.01933E-01    0.00000E+00    1.08892E-02    2.72231E-02    7.25949E-02    2.08710E-01    6.95609E-02    8.03865E-03    9.28968E-04    1.07354E-04    1.24061E-05    1.43368E-06    1.65680E-07    1.91465E-08    2.21262E-09    2.55696E-10    2.95489E-11    3.41475E-12    3.94618E-13    4.56031E-14    5.27002E-15    6.09018E-16    7.03798E-17    8.13327E-18    9.39903E-19    1.08618E-19    1.25522E-20    1.45056E-21    1.67632E-22    1.93745E-23    2.24632E-24    2.80790E-25
     32    6.01929E-01    0.00000E+00    3.77517E-03    9.43792E-03    2.51678E-02    7.23574E-02    2.08683E-01    6.95606E-02    8.03861E-03    9.28963E-04    1.07353E-04    1.24061E-05    1.43368E-06    1.65680E-07    1.91464E-08    2.21261E-09    2.55695E-10    2.95488E-11    3.41474E-12    3.94616E-13    4.56029E-14    5.26999E-15    6.09015E-16    7.03794E-17    8.13323E-18    9.39898E-19    1.08617E-19    1.25521E-20    1.45056E-21    1.67653E-22    1.94380E-23    2.42975E-24
     32    6.01929E-01    0.00000E+00    1.30880E-03    3.27201E-03    8.72537E-03    2.50854E-02    7.23479E-02    2.08682E-01    6.95606E-02    8.03861E-03    9.28963E-04    1.07353E-04    1.24061E-05    1.43368E-06    1.65680E-07    1.91464E-08    2.21261E-09    2.55695E-10    2.95488E-11    3.41474E-12    3.94616E-13    4.56029E-14    5.26999E-15    6.09015E-16    7.03794E-17    8.13323E-18    9.39898E-19    1.08617E-19    1.25522E-20    1.45075E-21    1.68203E-22    2.10254E-23
     32    6.01929E-01    0.00000E+00    4.53747E-04    1.13437E-03    3.02498E-03    8.69682E-03    2.50821E-02    7.23475E-02    2.08682E-01    6.95606E-02    8.03861E-03    9.28963E-04    1.07353E-04    1.24061E-05    1.43368E-06    1.65680E-07    1.91464E-08    2.21261E-09    2.55695E-10    2.95488E-11    3.41474E-12    3.94616E-13    4.56029E-14    5.26999E-15    6.09015E-16    7.03794E-17    8.13323E-18    9.39898E-19    1.08618E-19    1.25538E-20    1.45551E-21    1.81939E-22
     32    6.01929E-01    0.00000E+00    1.57309E-04    3.93272E-04    1.04872E-03    3.01508E-03    8.69568E-03    2.50820E-02    7.23475E-02    2.08682E-01    6.95606E-02    8.03861E-03    9.28963E-04    1.07353E-04    1.24061E-05    1.43368E-06    1.65680E-07    1.91464E-08    2.21261E-09    2.55695E-10    2.95488E-11    3.41474E-12    3.94616E-13    4.56029E-14    5.26999E-15    6.09015E-16    7.03794E-17    8.13323E-18    9.39903E-19    1.08632E-19    1.25950E-20    1.57438E-21
     32    6.01929E-01    0.00000E+00    5.45371E-05    1.36343E-04    3.63580E-04    1.04529E-03    3.01469E-03    8.69563E-03    2.50820E-02    7.23475E-02    2.08682E-01    6.95606E-02    8.03861E-03    9.28963E-04    1.07353E-04    1.24061E-05    1.43368E-06    1.65680E-07    1.91464E-08    2.21261E-09    2.55695E-10    2.95488E-11    3.41474E-12    3.94616E-13    4.56029E-14    5.26999E-15    6.09015E-16    7.03794E-17    8.13327E-18    9.40027E-19    1.08989E-19    1.36236E-20
     32    6.01929E-01    0.00000E+00    1.89073E-05    4.72684E-05    1.26049E-04    3.62391E-04    1.04516E-03    3.01467E-03    8.69563E-03    2.50820E-02    7.23475E-02    2.08682E-01    6.95606E-02    8.03861E-03    9.28963E-04    1.07353E-04    1.24061E-05    1.43368E-06    1.65680E-07    1.91464E-08    2.21261E-09    2.55695E-10    2.95488E-11    3.41474E-12    3.94616E-13    4.56029E-14    5.26999E-15    6.09015E-16    7.03798E-17    8.13434E-18    9.43112E-19    1.17889E-19
     32    6.01929E-01    0.00000E+00    6.55495E-06    1.63874E-05    4.36997E-05    1.25637E-04    3.62343E-04    1.04515E-03    3.01467E-03    8.69563E-03    2.50820E-02    7.23475E-02    2.08682E-01    6.95606E-02    8.03861E-03    9.28963E-04    1.07353E-04    1.24061E-05    1.43368E-06    1.65680E-07    1.91464E-08    2.21261E-09    2.55695E-10    2.95488E-11    3.41474E-12    3.94616E-13    4.56029E-14    5.26999E-15    6.09018E-16    7.03890E-17    8.16104E-18    1.02013E-18
     32    6.01929E-01    0.00000E+00    2.27252E-06    5.68131E-06    1.51502E-05    4.35567E-05    1.25620E-04    3.62341E-04    1.04515E-03    3.01467E-03    8.69563E-03    2.50820E-02    7.23475E-02    2.08682E-01    6.95606E-02    8.03861E-03    9.28963E-04    1.07353E-04    1.24061E-05    1.43368E-06    1.65680E-07    1.91464E-08    2.21261E-09    2.55695E-10    2.95488E-11    3.41474E-12    3.94616E-13    4.56029E-14    5.27002E-15    6.09098E-16    7.06201E-17    8.82751E-18
     32    6.01929E-01    0.00000E+00    7.87857E-07    1.96964E-06    5.25238E-06    1.51006E-05    4.35510E-05    1.25619E-04    3.62341E-04    1.04515E-03    3.01467E-03    8.69563E-03    2.50820E-02    7.23475E-02    2.08682E-01    6.95606E-02    8.03861E-03    9.28963E-04    1.07353E-04    1.24061E-05    1.43368E-06    1.65680E-07    1.91464E-08    2.21261E-09    2.55695E-10    2.95488E-11    3.41474E-12    3.94616E-13    4.56031E-14    5.27072E-15    6.11097E-16    7.63872E-17
     32    6.01929E-01    0.00000E+00    2.73141E-07    6.82851E-07    1.82094E-06    5.23519E-06    1.50986E-05    4.35507E-05    1.25619E-04    3.62341E-04    1.04515E-03    3.01467E-03    8.69563E-03    2.50820E-02    7.23475E-02    2.08682E-01    6.95606E-02    8.03861E-03    9.28963E-04    1.07353E-04    1.24061E-05    1.43368E-06    1.65680E-07    1.91464E-08    2.21261E-09    2.55695E-10    2.95488E-11    3.41474E-12    3.94618E-13    4.56091E-14    5.28802E-15    6.61002E-16
     32    6.01929E-01    0.00000E+00    9.46946E-08    2.36736E-07    6.31297E-07    1.81498E-06    5.23451E-06    1.50985E-05    4.35507E-05    1.25619E-04    3.62341E-04    1.04515E-03    3.01467E-03    8.69563E-03    2.50820E-02    7.23475E-02    2.08682E-01    6.95606E-02    8.03861E-03    9.28963E-04    1.07353E-04    1.24061E-05    1.43368E-06    1.65680E-07    1.91464E-08    2.21261E-09    2.55695E-10    2.95488E-11    3.41475E-12    3.94670E-13    4.57589E-14    5.71986E-15
     32    6.01929E-01    0.00000E+00    3.28295E-08    8.20737E-08    2.18863E-07    6.29232E-07    1.81474E-06    5.23448E-06    1.50985E-05    4.35507E-05    1.25619E-04    3.62341E-04    1.04515E-03    3.01467E-03    8.69563E-03    2.50820E-02    7.23475E-02    2.08682E-01    6.95606E-02    8.03861E-03    9.28963E-04    1.07353E-04    1.24061E-05    1.43368E-06    1.65680E-07    1.91464E-08    2.21261E-09    2.55695E-10    2.95489E-11    3.41520E-12    3.95966E-13    4.94957E-14
     32    6.01929E-01    0.00000E+00    1.13816E-08    2.84540E-08    7.58773E-08    2.18147E-07    6.29149E-07    1.81473E-06    5.23448E-06    1.50985E-05    4.35507E-05    1.25619E-04    3.62341E-04    1.04515E-03    3.01467E-03    8.69563E-03    2.50820E-02    7.23475E-02    2.08682E-01    6.95606E-02    8.03861E-03    9.28963E-04    1.07353E-04    1.24061E-05    1.43368E-06    1.65680E-07    1.91464E-08    2.21261E-09    2.55696E-10    2.95528E-11    3.42641E-12    4.28302E-13
     32    6.01929E-01    0.00000E+00    3.94586E-09    9.86465E-09    2.63057E-08    7.56290E-08    2.18118E-07    6.29146E-07    1.81473E-06    5.23448E-06    1.50985E-05    4.35507E-05    1.25619E-04    3.62341E-04    1.04515E-03    3.01467E-03    8.69563E-03    2.50820E-02    7.23475E-02    2.08682E-01    6.95606E-02    8.03861E-03    9.28963E-04    1.07353E-04    1.24061E-05    1.43368E-06    1.65680E-07    1.91464E-08    2.21262E-09    2.55730E-10    2.96498E-11    3.70623E-12
     32    6.01929E-01    0.00000E+00    1.36798E-09    3.41996E-09    9.11989E-09    2.62197E-08    7.56191E-08    2.18117E-07    6.29146E-07    1.81473E-06    5.23448E-06    1.50985E-05    4.35507E-05    1.25619E-04    3.62341E-04    1.04515E-03    3.01467E-03    8.69563E-03    2.50820E-02    7.23475E-02    2.08682E-01    6.95606E-02    8.03861E-03    9.28963E-04    1.07353E-04    1.24061E-05    1.43368E-06    1.65680E-07    1.91465E-08    2.21291E-09    2.56569E-10    3.20712E-11
     32    6.01929E-01    0.00000E+00    4.74263E-10    1.18566E-09    3.16176E-09    9.09005E-09    2.62162E-08    7.56187E-08    2.18117E-07    6.29146E-07    1.81473E-06    5.23448E-06    1.50985E-05    4.35507E-05    1.25619E-04    3.62341E-04    1.04515E-03    3.01467E-03    8.69563E-03    2.50820E-02    7.23475E-02    2.08682E-01    6.95606E-02    8.03861E-03    9.28963E-04    1.07353E-04    1.24061E-05    1.43368E-06    1.65680E-07    1.91490E-08    2.22017E-09    2.77522E-10
     32    6.01929E-01    0.00000E+00    1.64421E-10    4.11054E-10    1.09614E-09    3.15141E-09    9.08885E-09    2.62161E-08    7.56186E-08    2.18117E-07    6.29146E-07    1.81473E-06    5.23448E-06    1.50985E-05    4.35507E-05    1.25619E-04    3.62341E-04    1.04515E-03    3.01467E-03    8.69563E-03    2.50820E-02    7.23475E-02    2.08682E-01    6.95606E-02    8.03861E-03    9.28963E-04    1.07353E-04    1.24061E-05    1.43368E-06    1.65702E-07    1.92119E-08    2.40148E-09
     32    6.01929E-01    0.00000E+00    5.70030E-11    1.42507E-10    3.80020E-10    1.09256E-09    3.15100E-09    9.08880E-09    2.62161E-08    7.56186E-08    2.18117E-07    6.29146E-07    1.81473E-06    5.23448E-06    1.50985E-05    4.35507E-05    1.25619E-04    3.62341E-04    1.04515E-03    3.01467E-03    8.69563E-03    2.50820E-02    7.23475E-02    2.08682E-01    6.95606E-02    8.03861E-03    9.28963E-04    1.07353E-04    1.24061E-05    1.43387E-06    1.66246E-07    2.07808E-08
     32    6.01929E-01    0.00000E+00    1.97622E-11    4.94056E-11    1.31748E-10    3.78776E-10    1.09241E-09    3.15098E-09    9.08880E-09    2.62161E-08    7.56186E-08    2.18117E-07    6.29146E-07    1.81473E-06    5.23448E-06    1.50985E-05    4.35507E-05    1.25619E-04    3.62341E-04    1.04515E-03    3.01467E-03    8.69563E-03    2.50820E-02    7.23475E-02    2.08682E-01    6.95606E-02    8.03861E-03    9.28963E-04    1.07354E-04    1.24078E-05    1.43858E-06    1.79823E-07
     32    6.01929E-01    0.00000E+00    6.85133E-12    1.71283E-11    4.56756E-11    1.31317E-10    3.78727E-10    1.09241E-09    3.15098E-09    9.08880E-09    2.62161E-08    7.56186E-08    2.18117E-07    6.29146E-07    1.81473E-06    5.23448E-06    1.50985E-05    4.35507E-05    1.25619E-04    3.62341E-04    1.04515E-03    3.01467E-03    8.69563E-03    2.50820E-02    7.23475E-02    2.08682E-01    6.95606E-02    8.03861E-03    9.28968E-04    1.07368E-04    1.24485E-05    1.55606E-06
     32    6.01929E-01    0.00000E+00    2.37528E-12    5.93819E-12    1.58352E-11    4.55261E-11    1.31300E-10    3.78725E-10    1.09241E-09    3.15098E-09    9.08880E-09    2.62161E-08    7.56186E-08    2.18117E-07    6.29146E-07    1.81473E-06    5.23448E-06    1.50985E-05    4.35507E-05    1.25619E-04    3.62341E-04    1.04515E-03    3.01467E-03    8.69563E-03    2.50820E-02    7.23475E-02    2.08682E-01    6.95606E-02    8.03865E-03    9.29090E-04    1.07721E-04    1.34651E-05
     32    6.01929E-01    0.00000E+00    8.23480E-13    2.05870E-12    5.48987E-12    1.57834E-11    4.55201E-11    1.31299E-10    3.78725E-10    1.09241E-09    3.15098E-09    9.08880E-09    2.62161E-08    7.56187E-08    2.18117E-07    6.29146E-07    1.81473E-06    5.23448E-06    1.50985E-05    4.35507E-05    1.25619E-04    3.62341E-04    1.04515E-03    3.01467E-03    8.69563E-03    2.50820E-02    7.23475E-02    2.08682E-01    6.95609E-02    8.03971E-03    9.32140E-04    1.16517E-04
     32    6.01933E-01    0.00000E+00    2.85492E-13    7.13730E-13    1.90328E-12    5.47193E-12    1.57814E-11    4.55201E-11    1.31300E-10    3.78727E-10    1.09241E-09    3.15100E-09    9.08885E-09    2.62162E-08    7.56191E-08    2.18118E-07    6.29149E-07    1.81474E-06    5.23451E-06    1.50986E-05    4.35510E-05    1.25620E-04    3.62343E-04    1.04516E-03    3.01469E-03    8.69568E-03    2.50821E-02    7.23479E-02    2.08683E-01    6.95701E-02    8.06610E-03    1.00826E-03
     32    6.02012E-01    0.00000E+00    9.89898E-14    2.47474E-13    6.59932E-13    1.89730E-12    5.47193E-12    1.57834E-11    4.55261E-11    1.31317E-10    3.78776E-10    1.09256E-09    3.15141E-09    9.09005E-09    2.62197E-08    7.56290E-08    2.18147E-07    6.29232E-07    1.81498E-06    5.23519E-06    1.51006E-05    4.35567E-05    1.25637E-04    3.62391E-04    1.04529E-03    3.01508E-03    8.69682E-03    2.50854E-02    7.23574E-02    2.08710E-01    6.97985E-02    8.72481E-03
     32    6.03988E-01    0.00000E+00    3.44312E-14    8.60781E-14    2.29541E-13    6.59932E-13    1.90328E-12    5.48987E-12    1.58352E-11    4.56756E-11    1.31748E-10    3.80020E-10    1.09614E-09    3.16176E-09    9.11989E-09    2.63057E-08    7.58773E-08    2.18863E-07    6.31297E-07    1.82094E-06    5.25238E-06    1.51502E-05    4.36997E-05    1.26049E-04    3.63580E-04    1.04872E-03    3.02498E-03    8.72537E-03    2.51678E-02    7.25949E-02    2.09395E-01    7.54985E-02
     32    6.53312E-01    0.00000E+00    1.29117E-14    3.22793E-14    8.60781E-14    2.47474E-13    7.13730E-13    2.05870E-12    5.93819E-12    1.71283E-11    4.94056E-11    1.42507E-10    4.11054E-10    1.18566E-09    3.41996E-09    9.86465E-09    2.84540E-08    8.20737E-08    2.36736E-07    6.82851E-07    1.96964E-06    5.68131E-06    1.63874E-05    4.72684E-05    1.36343E-04    3.93272E-04    1.13437E-03    3.27201E-03    9.43792E-03    2.72231E-02    7.85233E-02    2.26495E-01

  Mixing waters indices:

      3    1    2    4    5    6    7    8    9   10   11   12   13   14   15   16   17   18   19   20   21   22   23   24   25   26   27   28   29   30   31   32
      4    1    2    3    5    6    7    8    9   10   11   12   13   14   15   16   17   18   19   20   21   22   23   24   25   26   27   28   29   30   31   32
      5    1    2    3    4    6    7    8    9   10   11   12   13   14   15   16   17   18   19   20   21   22   23   24   25   26   27   28   29   30   31   32
      6    1    2    3    4    5    7    8    9   10   11   12   13   14   15   16   17   18   19   20   21   22   23   24   25   26   27   28   29   30   31   32
      7    1    2    3    4    5    6    8    9   10   11   12   13   14   15   16   17   18   19   20   21   22   23   24   25   26   27   28   29   30   31   32
      8    1    2    3    4    5    6    7    9   10   11   12   13   14   15   16   17   18   19   20   21   22   23   24   25   26   27   28   29   30   31   32
      9    1    2    3    4    5    6    7    8   10   11   12   13   14   15   16   17   18   19   20   21   22   23   24   25   26   27   28   29   30   31   32
     10    1    2    3    4    5    6    7    8    9   11   12   13   14   15   16   17   18   19   20   21   22   23   24   25   26   27   28   29   30   31   32
     11    1    2    3    4    5    6    7    8    9   10   12   13   14   15   16   17   18   19   20   21   22   23   24   25   26   27   28   29   30   31   32
     12    1    2    3    4    5    6    7    8    9   10   11   13   14   15   16   17   18   19   20   21   22   23   24   25   26   27   28   29   30   31   32
     13    1    2    3    4    5    6    7    8    9   10   11   12   14   15   16   17   18   19   20   21   22   23   24   25   26   27   28   29   30   31   32
     14    1    2    3    4    5    6    7    8    9   10   11   12   13   15   16   17   18   19   20   21   22   23   24   25   26   27   28   29   30   31   32
     15    1    2    3    4    5    6    7    8    9   10   11   12   13   14   16   17   18   19   20   21   22   23   24   25   26   27   28   29   30   31   32
     16    1    2    3    4    5    6    7    8    9   10   11   12   13   14   15   17   18   19   20   21   22   23   24   25   26   27   28   29   30   31   32
     17    1    2    3    4    5    6    7    8    9   10   11   12   13   14   15   16   18   19   20   21   22   23   24   25   26   27   28   29   30   31   32
     18    1    2    3    4    5    6    7    8    9   10   11   12   13   14   15   16   17   19   20   21   22   23   24   25   26   27   28   29   30   31   32
     19    1    2    3    4    5    6    7    8    9   10   11   12   13   14   15   16   17   18   20   21   22   23   24   25   26   27   28   29   30   31   32
     20    1    2    3    4    5    6    7    8    9   10   11   12   13   14   15   16   17   18   19   21   22   23   24   25   26   27   28   29   30   31   32
     21    1    2    3    4    5    6    7    8    9   10   11   12   13   14   15   16   17   18   19   20   22   23   24   25   26   27   28   29   30   31   32
     22    1    2    3    4    5    6    7    8    9   10   11   12   13   14   15   16   17   18   19   20   21   23   24   25   26   27   28   29   30   31   32
     23    1    2    3    4    5    6    7    8    9   10   11   12   13   14   15   16   17   18   19   20   21   22   24   25   26   27   28   29   30   31   32
     24    1    2    3    4    5    6    7    8    9   10   11   12   13   14   15   16   17   18   19   20   21   22   23   25   26   27   28   29   30   31   32
     25    1    2    3    4    5    6    7    8    9   10   11   12   13   14   15   16   17   18   19   20   21   22   23   24   26   27   28   29   30   31   32
     26    1    2    3    4    5    6    7    8    9   10   11   12   13   14   15   16   17   18   19   20   21   22   23   24   25   27   28   29   30   31   32
     27    1    2    3    4    5    6    7    8    9   10   11   12   13   14   15   16   17   18   19   20   21   22   23   24   25   26   28   29   30   31   32
     28    1    2    3    4    5    6    7    8    9   10   11   12   13   14   15   16   17   18   19   20   21   22   23   24   25   26   27   29   30   31   32
     29    1    2    3    4    5    6    7    8    9   10   11   12   13   14   15   16   17   18   19   20   21   22   23   24   25   26   27   28   30   31   32
     30    1    2    3    4    5    6    7    8    9   10   11   12   13   14   15   16   17   18   19   20   21   22   23   24   25   26   27   28   29   31   32
     31    1    2    3    4    5    6    7    8    9   10   11   12   13   14   15   16   17   18   19   20   21   22   23   24   25   26   27   28   29   30   32
     32    1    2    3    4    5    6    7    8    9   10   11   12   13   14   15   16   17   18   19   20   21   22   23   24   25   26   27   28   29   30   31

  Aqueous species:

          ca+2           
          so4-2          
          h2o            
  Minerals:

          gypsum         
  Gases:

  Surface complexes:

  Equilibrium reactions:

          gypsum                        

  Kinetic reactions:

  Global stoichiometric matrix:

                 -1.00000       -1.00000        0.00000        1.00000
  Equilibrium constants:

              3.03599E+04

  Global component matrix:

                  1.00000       -1.00000

  Initial concentration of aqueous species:

              1.00003E+00    1.00003E+00    1.00003E+00    1.00003E+00    1.00003E+00    1.00003E+00    1.00003E+00    1.00003E+00    1.00003E+00    1.00003E+00    2.00000E+02    1.00003E+00    1.00003E+00    1.00003E+00    1.00003E+00    1.00003E+00    1.00003E+00    1.00003E+00    1.00003E+00    1.00003E+00    1.00003E+00    1.00003E+00    1.00003E+00    1.00003E+00    1.00003E+00    1.00003E+00    1.00003E+00    1.00003E+00    1.00003E+00    1.00003E+00
              3.29000E-05    3.29000E-05    3.29000E-05    3.29000E-05    3.29000E-05    3.29000E-05    3.29000E-05    3.29000E-05    3.29000E-05    3.29000E-05    1.00000E-05    3.29000E-05    3.29000E-05    3.29000E-05    3.29000E-05    3.29000E-05    3.29000E-05    3.29000E-05    3.29000E-05    3.29000E-05    3.29000E-05    3.29000E-05    3.29000E-05    3.29000E-05    3.29000E-05    3.29000E-05    3.29000E-05    3.29000E-05    3.29000E-05    3.29000E-05
              5.55556E+01    5.55556E+01    5.55556E+01    5.55556E+01    5.55556E+01    5.55556E+01    5.55556E+01    5.55556E+01    5.55556E+01    5.55556E+01    5.55556E+01    5.55556E+01    5.55556E+01    5.55556E+01    5.55556E+01    5.55556E+01    5.55556E+01    5.55556E+01    5.55556E+01    5.55556E+01    5.55556E+01    5.55556E+01    5.55556E+01    5.55556E+01    5.55556E+01    5.55556E+01    5.55556E+01    5.55556E+01    5.55556E+01    5.55556E+01

  Initial activity water:

              0.00000E+00    0.00000E+00    0.00000E+00    0.00000E+00    0.00000E+00    0.00000E+00    0.00000E+00    0.00000E+00    0.00000E+00    0.00000E+00    2.18863E-07    0.00000E+00    0.00000E+00    0.00000E+00    0.00000E+00    0.00000E+00    0.00000E+00    0.00000E+00    0.00000E+00    0.00000E+00    0.00000E+00    0.00000E+00    0.00000E+00    0.00000E+00    0.00000E+00    0.00000E+00    0.00000E+00    0.00000E+00    0.00000E+00    0.00000E+00

  Initial salinity:

              0.00000E+00    0.00000E+00    0.00000E+00    0.00000E+00    0.00000E+00    0.00000E+00    0.00000E+00    0.00000E+00    0.00000E+00    0.00000E+00    0.00000E+00    0.00000E+00    0.00000E+00    0.00000E+00    0.00000E+00    0.00000E+00    0.00000E+00    0.00000E+00    0.00000E+00    0.00000E+00    0.00000E+00    0.00000E+00    0.00000E+00    0.00000E+00    0.00000E+00    0.00000E+00    0.00000E+00    0.00000E+00    0.00000E+00    0.00000E+00

  Final concentration of aqueous species:

              1.00017E+00    1.00040E+00    1.00093E+00    1.00215E+00    1.00483E+00    1.01045E+00    1.02180E+00    1.04368E+00    1.08404E+00    1.15508E+00    1.27433E+00    1.46515E+00    1.75606E+00    2.17843E+00    2.76233E+00    3.53064E+00    4.49255E+00    5.63751E+00    6.93151E+00    8.31679E+00    9.71588E+00    1.10393E+01    1.21962E+01    1.31054E+01    1.37058E+01    1.39641E+01    1.38806E+01    1.34977E+01    1.29203E+01    1.23779E+01
              3.29325E-05    3.29251E-05    3.29075E-05    3.28675E-05    3.27800E-05    3.25975E-05    3.22356E-05    3.15595E-05    3.03846E-05    2.85160E-05    2.58475E-05    2.24811E-05    1.87569E-05    1.51201E-05    1.19241E-05    9.32924E-06    7.33174E-06    5.84268E-06    4.75196E-06    3.96045E-06    3.39014E-06    2.98372E-06    2.70069E-06    2.51333E-06    2.40323E-06    2.35879E-06    2.37296E-06    2.44028E-06    2.54934E-06    2.66104E-06
              5.55556E+01    5.55556E+01    5.55556E+01    5.55556E+01    5.55556E+01    5.55556E+01    5.55556E+01    5.55556E+01    5.55556E+01    5.55556E+01    5.55556E+01    5.55556E+01    5.55556E+01    5.55556E+01    5.55556E+01    5.55556E+01    5.55556E+01    5.55556E+01    5.55556E+01    5.55556E+01    5.55556E+01    5.55556E+01    5.55556E+01    5.55556E+01    5.55556E+01    5.55556E+01    5.55556E+01    5.55556E+01    5.55556E+01    5.55556E+01

  Final concentration of aqueous species (transposed):

              1.00017E+00    3.29325E-05    5.55556E+01
              1.00040E+00    3.29251E-05    5.55556E+01
              1.00093E+00    3.29075E-05    5.55556E+01
              1.00215E+00    3.28675E-05    5.55556E+01
              1.00483E+00    3.27800E-05    5.55556E+01
              1.01045E+00    3.25975E-05    5.55556E+01
              1.02180E+00    3.22356E-05    5.55556E+01
              1.04368E+00    3.15595E-05    5.55556E+01
              1.08404E+00    3.03846E-05    5.55556E+01
              1.15508E+00    2.85160E-05    5.55556E+01
              1.27433E+00    2.58475E-05    5.55556E+01
              1.46515E+00    2.24811E-05    5.55556E+01
              1.75606E+00    1.87569E-05    5.55556E+01
              2.17843E+00    1.51201E-05    5.55556E+01
              2.76233E+00    1.19241E-05    5.55556E+01
              3.53064E+00    9.32924E-06    5.55556E+01
              4.49255E+00    7.33174E-06    5.55556E+01
              5.63751E+00    5.84268E-06    5.55556E+01
              6.93151E+00    4.75196E-06    5.55556E+01
              8.31679E+00    3.96045E-06    5.55556E+01
              9.71588E+00    3.39014E-06    5.55556E+01
              1.10393E+01    2.98372E-06    5.55556E+01
              1.21962E+01    2.70069E-06    5.55556E+01
              1.31054E+01    2.51333E-06    5.55556E+01
              1.37058E+01    2.40323E-06    5.55556E+01
              1.39641E+01    2.35879E-06    5.55556E+01
              1.38806E+01    2.37296E-06    5.55556E+01
              1.34977E+01    2.44028E-06    5.55556E+01
              1.29203E+01    2.54934E-06    5.55556E+01
              1.23779E+01    2.66104E-06    5.55556E+01

  Final activity coefficients aqueous species:

              1.00000E+00    1.00000E+00    1.00000E+00    1.00000E+00    1.00000E+00    1.00000E+00    1.00000E+00    1.00000E+00    1.00000E+00    1.00000E+00    1.00000E+00    1.00000E+00    1.00000E+00    1.00000E+00    1.00000E+00    1.00000E+00    1.00000E+00    1.00000E+00    1.00000E+00    1.00000E+00    1.00000E+00    1.00000E+00    1.00000E+00    1.00000E+00    1.00000E+00    1.00000E+00    1.00000E+00    1.00000E+00    1.00000E+00    1.00000E+00
              1.00000E+00    1.00000E+00    1.00000E+00    1.00000E+00    1.00000E+00    1.00000E+00    1.00000E+00    1.00000E+00    1.00000E+00    1.00000E+00    1.00000E+00    1.00000E+00    1.00000E+00    1.00000E+00    1.00000E+00    1.00000E+00    1.00000E+00    1.00000E+00    1.00000E+00    1.00000E+00    1.00000E+00    1.00000E+00    1.00000E+00    1.00000E+00    1.00000E+00    1.00000E+00    1.00000E+00    1.00000E+00    1.00000E+00    1.00000E+00
              1.76759E-02    1.76759E-02    1.76757E-02    1.76753E-02    1.76744E-02    1.76726E-02    1.76689E-02    1.76618E-02    1.76488E-02    1.76257E-02    1.75871E-02    1.75253E-02    1.74310E-02    1.72942E-02    1.71050E-02    1.68561E-02    1.65444E-02    1.61734E-02    1.57542E-02    1.53054E-02    1.48521E-02    1.44233E-02    1.40484E-02    1.37538E-02    1.35593E-02    1.34756E-02    1.35027E-02    1.36267E-02    1.38138E-02    1.39895E-02

  Activity water:

             -1.45682+144    0.00000E+00    9.81996E-01    9.81992E-01    9.81983E-01    9.81961E-01    9.81913E-01    9.81811E-01    9.81607E-01    9.81213E-01    9.80487E-01    9.79208E-01    9.77062E-01    9.73627E-01    9.68391E-01    9.60788E-01    9.50278E-01    9.36448E-01    9.19134E-01    8.98525E-01    8.75233E-01    8.50298E-01    8.25114E-01    8.01292E-01    7.80468E-01    7.64102E-01    7.53296E-01    7.48647E-01    7.50148E-01    7.57041E-01    7.67434E-01    7.77197E-01

  Final salinity:

              3.85429E-02    3.85513E-02    3.85711E-02    3.86163E-02    3.87153E-02    3.89236E-02    3.93433E-02    4.01522E-02    4.16400E-02    4.42475E-02    4.85932E-02    5.54655E-02    6.57534E-02    8.02980E-02    9.96747E-02    1.23961E-01    1.52581E-01    1.84300E-01    2.17406E-01    2.49993E-01    2.80261E-01    3.06728E-01    3.28318E-01    3.44365E-01    3.54548E-01    3.58831E-01    3.57454E-01    3.51054E-01    3.41160E-01    3.31588E-01

  Kinetic reaction rates:


  Reactive zone    1:

          Non-flowing species:

                    gypsum         

          Number of equilibrium reactions:         1

          Stoichiometric matrix:

                 -1.00000       -1.00000        0.00000        1.00000

          Equilibrium constants:

              3.03599E+04

          Primary species:

                    ca+2           
          Component matrix:

                  1.00000       -1.00000

          Initial concentration of components:

              1.00000E+00    1.00000E+00    1.00000E+00    1.00000E+00    1.00000E+00    1.00000E+00    1.00000E+00    1.00000E+00    1.00000E+00    1.00000E+00    2.00000E+02    1.00000E+00    1.00000E+00    1.00000E+00    1.00000E+00    1.00000E+00    1.00000E+00    1.00000E+00    1.00000E+00    1.00000E+00    1.00000E+00    1.00000E+00    1.00000E+00    1.00000E+00    1.00000E+00    1.00000E+00    1.00000E+00    1.00000E+00    1.00000E+00    1.00000E+00

          Concentration of components:

              1.00014E+00    1.00037E+00    1.00090E+00    1.00212E+00    1.00479E+00    1.01042E+00    1.02176E+00    1.04365E+00    1.08401E+00    1.15505E+00    1.27430E+00    1.46513E+00    1.75604E+00    2.17842E+00    2.76231E+00    3.53063E+00    4.49255E+00    5.63751E+00    6.93150E+00    8.31679E+00    9.71588E+00    1.10393E+01    1.21962E+01    1.31054E+01    1.37058E+01    1.39640E+01    1.38806E+01    1.34977E+01    1.29203E+01    1.23779E+01

          Concentration of components (transposed):

              1.00014E+00
              1.00037E+00
              1.00090E+00
              1.00212E+00
              1.00479E+00
              1.01042E+00
              1.02176E+00
              1.04365E+00
              1.08401E+00
              1.15505E+00
              1.27430E+00
              1.46513E+00
              1.75604E+00
              2.17842E+00
              2.76231E+00
              3.53063E+00
              4.49255E+00
              5.63751E+00
              6.93150E+00
              8.31679E+00
              9.71588E+00
              1.10393E+01
              1.21962E+01
              1.31054E+01
              1.37058E+01
              1.39640E+01
              1.38806E+01
              1.34977E+01
              1.29203E+01
              1.23779E+01

          Initial volumetric fractions of minerals:

              5.00000E-01    5.00000E-01    5.00000E-01    5.00000E-01    5.00000E-01    5.00000E-01    5.00000E-01    5.00000E-01    5.00000E-01    5.00000E-01    5.00000E-01    5.00000E-01    5.00000E-01    5.00000E-01    5.00000E-01    5.00000E-01    5.00000E-01    5.00000E-01    5.00000E-01    5.00000E-01    5.00000E-01    5.00000E-01    5.00000E-01    5.00000E-01    5.00000E-01    5.00000E-01    5.00000E-01    5.00000E-01    5.00000E-01    5.00000E-01

          Volumetric fractions of minerals:

              5.00000E-01    5.00000E-01    5.00000E-01    5.00000E-01    5.00000E-01    5.00000E-01    5.00001E-01    5.00002E-01    5.00003E-01    5.00003E-01    5.00002E-01    5.00002E-01    5.00002E-01    5.00002E-01    5.00001E-01    5.00001E-01    5.00001E-01    5.00001E-01    5.00001E-01    5.00001E-01    5.00001E-01    5.00001E-01    5.00001E-01    5.00001E-01    5.00000E-01    5.00000E-01    5.00000E-01    5.00000E-01    5.00000E-01    5.00000E-01

          Initial concentration of minerals:

              1.00000E+00    1.00000E+00    1.00000E+00    1.00000E+00    1.00000E+00    1.00000E+00    1.00000E+00    1.00000E+00    1.00000E+00    1.00000E+00    1.00000E+00    1.00000E+00    1.00000E+00    1.00000E+00    1.00000E+00    1.00000E+00    1.00000E+00    1.00000E+00    1.00000E+00    1.00000E+00    1.00000E+00    1.00000E+00    1.00000E+00    1.00000E+00    1.00000E+00    1.00000E+00    1.00000E+00    1.00000E+00    1.00000E+00    1.00000E+00

          Concentration of minerals:

              1.00000E+00    1.00000E+00    1.00000E+00    1.00000E+00    1.00000E+00    1.00000E+00    1.00002E+00    1.00006E+00    1.00009E+00    1.00008E+00    1.00006E+00    1.00005E+00    1.00005E+00    1.00004E+00    1.00004E+00    1.00003E+00    1.00003E+00    1.00002E+00    1.00002E+00    1.00002E+00    1.00002E+00    1.00002E+00    1.00001E+00    1.00001E+00    1.00001E+00    1.00001E+00    1.00001E+00    1.00001E+00    1.00001E+00    1.00001E+00

          Concentration of surface complexes:


          Concentration of gases:


          Initial partial pressures of gases:


          Partial pressures of gases:


          Initial volume of gas:


          Volume of gas:


          Aqueous equilibrium reaction rates:


          Mineral equilibrium reaction rates:

             -4.85049E-09   -1.67962E-09   -5.72819E-10   -1.55094E-10    1.29633E-10    7.53574E-10    2.74028E-09    8.67942E-09    2.40627E-08    5.72767E-08    1.14662E-07    1.90291E-07    2.61313E-07    3.00831E-07    2.97594E-07    2.60563E-07    2.07718E-07    1.54332E-07    1.08710E-07    7.33654E-08    4.76218E-08    2.96303E-08    1.74509E-08    9.48150E-09    4.54743E-09    1.85110E-09    8.62354E-10    1.12980E-09    1.94257E-09    2.23645E-09

          Gas equilibrium reaction rates:

