  Integration method chemical reactions:          Euler fully implicit

  Number of targets:   30


  Time step:

      1.00000E+00

  Final time:

      1.00000E+01


  Dimension + Mixing ratios (by rows) (including boundary and sink/source terms):

     32    6.53312E-01    0.00000E+00    2.61325E-01    7.54985E-02    8.72481E-03    1.00826E-03    1.16517E-04    1.34651E-05    1.55606E-06    1.79823E-07    2.07808E-08    2.40148E-09    2.77522E-10    3.20712E-11    3.70623E-12    4.28302E-13    4.94957E-14    5.71986E-15    6.61002E-16    7.63872E-17    8.82751E-18    1.02013E-18    1.17889E-19    1.36236E-20    1.57438E-21    1.81939E-22    2.10254E-23    2.42975E-24    2.80790E-25    3.24531E-26    3.76268E-27    4.70335E-28
     32    6.03988E-01    0.00000E+00    9.05982E-02    2.26495E-01    6.97985E-02    8.06610E-03    9.32140E-04    1.07721E-04    1.24485E-05    1.43858E-06    1.66246E-07    1.92119E-08    2.22017E-09    2.56569E-10    2.96498E-11    3.42641E-12    3.95966E-13    4.57589E-14    5.28802E-15    6.11097E-16    7.06201E-17    8.16104E-18    9.43112E-19    1.08989E-19    1.25950E-20    1.45551E-21    1.68203E-22    1.94380E-23    2.24632E-24    2.59625E-25    3.01014E-26    3.76268E-27
     32    6.02012E-01    0.00000E+00    3.14093E-02    7.85233E-02    2.09395E-01    6.95701E-02    8.03971E-03    9.29090E-04    1.07368E-04    1.24078E-05    1.43387E-06    1.65702E-07    1.91490E-08    2.21291E-09    2.55730E-10    2.95528E-11    3.41520E-12    3.94670E-13    4.56091E-14    5.27072E-15    6.09098E-16    7.03890E-17    8.13434E-18    9.40027E-19    1.08632E-19    1.25538E-20    1.45075E-21    1.67653E-22    1.93745E-23    2.23926E-24    2.59625E-25    3.24531E-26
     32    6.01933E-01    0.00000E+00    1.08892E-02    2.72231E-02    7.25949E-02    2.08710E-01    6.95609E-02    8.03865E-03    9.28968E-04    1.07354E-04    1.24061E-05    1.43368E-06    1.65680E-07    1.91465E-08    2.21262E-09    2.55696E-10    2.95489E-11    3.41475E-12    3.94618E-13    4.56031E-14    5.27002E-15    6.09018E-16    7.03798E-17    8.13327E-18    9.39903E-19    1.08618E-19    1.25522E-20    1.45056E-21    1.67632E-22    1.93745E-23    2.24632E-24    2.80790E-25
     32    6.01929E-01    0.00000E+00    3.77517E-03    9.43792E-03    2.51678E-02    7.23574E-02    2.08683E-01    6.95606E-02    8.03861E-03    9.28963E-04    1.07353E-04    1.24061E-05    1.43368E-06    1.65680E-07    1.91464E-08    2.21261E-09    2.55695E-10    2.95488E-11    3.41474E-12    3.94616E-13    4.56029E-14    5.26999E-15    6.09015E-16    7.03794E-17    8.13323E-18    9.39898E-19    1.08617E-19    1.25521E-20    1.45056E-21    1.67653E-22    1.94380E-23    2.42975E-24
     32    6.01929E-01    0.00000E+00    1.30880E-03    3.27201E-03    8.72537E-03    2.50854E-02    7.23479E-02    2.08682E-01    6.95606E-02    8.03861E-03    9.28963E-04    1.07353E-04    1.24061E-05    1.43368E-06    1.65680E-07    1.91464E-08    2.21261E-09    2.55695E-10    2.95488E-11    3.41474E-12    3.94616E-13    4.56029E-14    5.26999E-15    6.09015E-16    7.03794E-17    8.13323E-18    9.39898E-19    1.08617E-19    1.25522E-20    1.45075E-21    1.68203E-22    2.10254E-23
     32    6.01929E-01    0.00000E+00    4.53747E-04    1.13437E-03    3.02498E-03    8.69682E-03    2.50821E-02    7.23475E-02    2.08682E-01    6.95606E-02    8.03861E-03    9.28963E-04    1.07353E-04    1.24061E-05    1.43368E-06    1.65680E-07    1.91464E-08    2.21261E-09    2.55695E-10    2.95488E-11    3.41474E-12    3.94616E-13    4.56029E-14    5.26999E-15    6.09015E-16    7.03794E-17    8.13323E-18    9.39898E-19    1.08618E-19    1.25538E-20    1.45551E-21    1.81939E-22
     32    6.01929E-01    0.00000E+00    1.57309E-04    3.93272E-04    1.04872E-03    3.01508E-03    8.69568E-03    2.50820E-02    7.23475E-02    2.08682E-01    6.95606E-02    8.03861E-03    9.28963E-04    1.07353E-04    1.24061E-05    1.43368E-06    1.65680E-07    1.91464E-08    2.21261E-09    2.55695E-10    2.95488E-11    3.41474E-12    3.94616E-13    4.56029E-14    5.26999E-15    6.09015E-16    7.03794E-17    8.13323E-18    9.39903E-19    1.08632E-19    1.25950E-20    1.57438E-21
     32    6.01929E-01    0.00000E+00    5.45371E-05    1.36343E-04    3.63580E-04    1.04529E-03    3.01469E-03    8.69563E-03    2.50820E-02    7.23475E-02    2.08682E-01    6.95606E-02    8.03861E-03    9.28963E-04    1.07353E-04    1.24061E-05    1.43368E-06    1.65680E-07    1.91464E-08    2.21261E-09    2.55695E-10    2.95488E-11    3.41474E-12    3.94616E-13    4.56029E-14    5.26999E-15    6.09015E-16    7.03794E-17    8.13327E-18    9.40027E-19    1.08989E-19    1.36236E-20
     32    6.01929E-01    0.00000E+00    1.89073E-05    4.72684E-05    1.26049E-04    3.62391E-04    1.04516E-03    3.01467E-03    8.69563E-03    2.50820E-02    7.23475E-02    2.08682E-01    6.95606E-02    8.03861E-03    9.28963E-04    1.07353E-04    1.24061E-05    1.43368E-06    1.65680E-07    1.91464E-08    2.21261E-09    2.55695E-10    2.95488E-11    3.41474E-12    3.94616E-13    4.56029E-14    5.26999E-15    6.09015E-16    7.03798E-17    8.13434E-18    9.43112E-19    1.17889E-19
     32    6.01929E-01    0.00000E+00    6.55495E-06    1.63874E-05    4.36997E-05    1.25637E-04    3.62343E-04    1.04515E-03    3.01467E-03    8.69563E-03    2.50820E-02    7.23475E-02    2.08682E-01    6.95606E-02    8.03861E-03    9.28963E-04    1.07353E-04    1.24061E-05    1.43368E-06    1.65680E-07    1.91464E-08    2.21261E-09    2.55695E-10    2.95488E-11    3.41474E-12    3.94616E-13    4.56029E-14    5.26999E-15    6.09018E-16    7.03890E-17    8.16104E-18    1.02013E-18
     32    6.01929E-01    0.00000E+00    2.27252E-06    5.68131E-06    1.51502E-05    4.35567E-05    1.25620E-04    3.62341E-04    1.04515E-03    3.01467E-03    8.69563E-03    2.50820E-02    7.23475E-02    2.08682E-01    6.95606E-02    8.03861E-03    9.28963E-04    1.07353E-04    1.24061E-05    1.43368E-06    1.65680E-07    1.91464E-08    2.21261E-09    2.55695E-10    2.95488E-11    3.41474E-12    3.94616E-13    4.56029E-14    5.27002E-15    6.09098E-16    7.06201E-17    8.82751E-18
     32    6.01929E-01    0.00000E+00    7.87857E-07    1.96964E-06    5.25238E-06    1.51006E-05    4.35510E-05    1.25619E-04    3.62341E-04    1.04515E-03    3.01467E-03    8.69563E-03    2.50820E-02    7.23475E-02    2.08682E-01    6.95606E-02    8.03861E-03    9.28963E-04    1.07353E-04    1.24061E-05    1.43368E-06    1.65680E-07    1.91464E-08    2.21261E-09    2.55695E-10    2.95488E-11    3.41474E-12    3.94616E-13    4.56031E-14    5.27072E-15    6.11097E-16    7.63872E-17
     32    6.01929E-01    0.00000E+00    2.73141E-07    6.82851E-07    1.82094E-06    5.23519E-06    1.50986E-05    4.35507E-05    1.25619E-04    3.62341E-04    1.04515E-03    3.01467E-03    8.69563E-03    2.50820E-02    7.23475E-02    2.08682E-01    6.95606E-02    8.03861E-03    9.28963E-04    1.07353E-04    1.24061E-05    1.43368E-06    1.65680E-07    1.91464E-08    2.21261E-09    2.55695E-10    2.95488E-11    3.41474E-12    3.94618E-13    4.56091E-14    5.28802E-15    6.61002E-16
     32    6.01929E-01    0.00000E+00    9.46946E-08    2.36736E-07    6.31297E-07    1.81498E-06    5.23451E-06    1.50985E-05    4.35507E-05    1.25619E-04    3.62341E-04    1.04515E-03    3.01467E-03    8.69563E-03    2.50820E-02    7.23475E-02    2.08682E-01    6.95606E-02    8.03861E-03    9.28963E-04    1.07353E-04    1.24061E-05    1.43368E-06    1.65680E-07    1.91464E-08    2.21261E-09    2.55695E-10    2.95488E-11    3.41475E-12    3.94670E-13    4.57589E-14    5.71986E-15
     32    6.01929E-01    0.00000E+00    3.28295E-08    8.20737E-08    2.18863E-07    6.29232E-07    1.81474E-06    5.23448E-06    1.50985E-05    4.35507E-05    1.25619E-04    3.62341E-04    1.04515E-03    3.01467E-03    8.69563E-03    2.50820E-02    7.23475E-02    2.08682E-01    6.95606E-02    8.03861E-03    9.28963E-04    1.07353E-04    1.24061E-05    1.43368E-06    1.65680E-07    1.91464E-08    2.21261E-09    2.55695E-10    2.95489E-11    3.41520E-12    3.95966E-13    4.94957E-14
     32    6.01929E-01    0.00000E+00    1.13816E-08    2.84540E-08    7.58773E-08    2.18147E-07    6.29149E-07    1.81473E-06    5.23448E-06    1.50985E-05    4.35507E-05    1.25619E-04    3.62341E-04    1.04515E-03    3.01467E-03    8.69563E-03    2.50820E-02    7.23475E-02    2.08682E-01    6.95606E-02    8.03861E-03    9.28963E-04    1.07353E-04    1.24061E-05    1.43368E-06    1.65680E-07    1.91464E-08    2.21261E-09    2.55696E-10    2.95528E-11    3.42641E-12    4.28302E-13
     32    6.01929E-01    0.00000E+00    3.94586E-09    9.86465E-09    2.63057E-08    7.56290E-08    2.18118E-07    6.29146E-07    1.81473E-06    5.23448E-06    1.50985E-05    4.35507E-05    1.25619E-04    3.62341E-04    1.04515E-03    3.01467E-03    8.69563E-03    2.50820E-02    7.23475E-02    2.08682E-01    6.95606E-02    8.03861E-03    9.28963E-04    1.07353E-04    1.24061E-05    1.43368E-06    1.65680E-07    1.91464E-08    2.21262E-09    2.55730E-10    2.96498E-11    3.70623E-12
     32    6.01929E-01    0.00000E+00    1.36798E-09    3.41996E-09    9.11989E-09    2.62197E-08    7.56191E-08    2.18117E-07    6.29146E-07    1.81473E-06    5.23448E-06    1.50985E-05    4.35507E-05    1.25619E-04    3.62341E-04    1.04515E-03    3.01467E-03    8.69563E-03    2.50820E-02    7.23475E-02    2.08682E-01    6.95606E-02    8.03861E-03    9.28963E-04    1.07353E-04    1.24061E-05    1.43368E-06    1.65680E-07    1.91465E-08    2.21291E-09    2.56569E-10    3.20712E-11
     32    6.01929E-01    0.00000E+00    4.74263E-10    1.18566E-09    3.16176E-09    9.09005E-09    2.62162E-08    7.56187E-08    2.18117E-07    6.29146E-07    1.81473E-06    5.23448E-06    1.50985E-05    4.35507E-05    1.25619E-04    3.62341E-04    1.04515E-03    3.01467E-03    8.69563E-03    2.50820E-02    7.23475E-02    2.08682E-01    6.95606E-02    8.03861E-03    9.28963E-04    1.07353E-04    1.24061E-05    1.43368E-06    1.65680E-07    1.91490E-08    2.22017E-09    2.77522E-10
     32    6.01929E-01    0.00000E+00    1.64421E-10    4.11054E-10    1.09614E-09    3.15141E-09    9.08885E-09    2.62161E-08    7.56186E-08    2.18117E-07    6.29146E-07    1.81473E-06    5.23448E-06    1.50985E-05    4.35507E-05    1.25619E-04    3.62341E-04    1.04515E-03    3.01467E-03    8.69563E-03    2.50820E-02    7.23475E-02    2.08682E-01    6.95606E-02    8.03861E-03    9.28963E-04    1.07353E-04    1.24061E-05    1.43368E-06    1.65702E-07    1.92119E-08    2.40148E-09
     32    6.01929E-01    0.00000E+00    5.70030E-11    1.42507E-10    3.80020E-10    1.09256E-09    3.15100E-09    9.08880E-09    2.62161E-08    7.56186E-08    2.18117E-07    6.29146E-07    1.81473E-06    5.23448E-06    1.50985E-05    4.35507E-05    1.25619E-04    3.62341E-04    1.04515E-03    3.01467E-03    8.69563E-03    2.50820E-02    7.23475E-02    2.08682E-01    6.95606E-02    8.03861E-03    9.28963E-04    1.07353E-04    1.24061E-05    1.43387E-06    1.66246E-07    2.07808E-08
     32    6.01929E-01    0.00000E+00    1.97622E-11    4.94056E-11    1.31748E-10    3.78776E-10    1.09241E-09    3.15098E-09    9.08880E-09    2.62161E-08    7.56186E-08    2.18117E-07    6.29146E-07    1.81473E-06    5.23448E-06    1.50985E-05    4.35507E-05    1.25619E-04    3.62341E-04    1.04515E-03    3.01467E-03    8.69563E-03    2.50820E-02    7.23475E-02    2.08682E-01    6.95606E-02    8.03861E-03    9.28963E-04    1.07354E-04    1.24078E-05    1.43858E-06    1.79823E-07
     32    6.01929E-01    0.00000E+00    6.85133E-12    1.71283E-11    4.56756E-11    1.31317E-10    3.78727E-10    1.09241E-09    3.15098E-09    9.08880E-09    2.62161E-08    7.56186E-08    2.18117E-07    6.29146E-07    1.81473E-06    5.23448E-06    1.50985E-05    4.35507E-05    1.25619E-04    3.62341E-04    1.04515E-03    3.01467E-03    8.69563E-03    2.50820E-02    7.23475E-02    2.08682E-01    6.95606E-02    8.03861E-03    9.28968E-04    1.07368E-04    1.24485E-05    1.55606E-06
     32    6.01929E-01    0.00000E+00    2.37528E-12    5.93819E-12    1.58352E-11    4.55261E-11    1.31300E-10    3.78725E-10    1.09241E-09    3.15098E-09    9.08880E-09    2.62161E-08    7.56186E-08    2.18117E-07    6.29146E-07    1.81473E-06    5.23448E-06    1.50985E-05    4.35507E-05    1.25619E-04    3.62341E-04    1.04515E-03    3.01467E-03    8.69563E-03    2.50820E-02    7.23475E-02    2.08682E-01    6.95606E-02    8.03865E-03    9.29090E-04    1.07721E-04    1.34651E-05
     32    6.01929E-01    0.00000E+00    8.23480E-13    2.05870E-12    5.48987E-12    1.57834E-11    4.55201E-11    1.31299E-10    3.78725E-10    1.09241E-09    3.15098E-09    9.08880E-09    2.62161E-08    7.56187E-08    2.18117E-07    6.29146E-07    1.81473E-06    5.23448E-06    1.50985E-05    4.35507E-05    1.25619E-04    3.62341E-04    1.04515E-03    3.01467E-03    8.69563E-03    2.50820E-02    7.23475E-02    2.08682E-01    6.95609E-02    8.03971E-03    9.32140E-04    1.16517E-04
     32    6.01933E-01    0.00000E+00    2.85492E-13    7.13730E-13    1.90328E-12    5.47193E-12    1.57814E-11    4.55201E-11    1.31300E-10    3.78727E-10    1.09241E-09    3.15100E-09    9.08885E-09    2.62162E-08    7.56191E-08    2.18118E-07    6.29149E-07    1.81474E-06    5.23451E-06    1.50986E-05    4.35510E-05    1.25620E-04    3.62343E-04    1.04516E-03    3.01469E-03    8.69568E-03    2.50821E-02    7.23479E-02    2.08683E-01    6.95701E-02    8.06610E-03    1.00826E-03
     32    6.02012E-01    0.00000E+00    9.89898E-14    2.47474E-13    6.59932E-13    1.89730E-12    5.47193E-12    1.57834E-11    4.55261E-11    1.31317E-10    3.78776E-10    1.09256E-09    3.15141E-09    9.09005E-09    2.62197E-08    7.56290E-08    2.18147E-07    6.29232E-07    1.81498E-06    5.23519E-06    1.51006E-05    4.35567E-05    1.25637E-04    3.62391E-04    1.04529E-03    3.01508E-03    8.69682E-03    2.50854E-02    7.23574E-02    2.08710E-01    6.97985E-02    8.72481E-03
     32    6.03988E-01    0.00000E+00    3.44312E-14    8.60781E-14    2.29541E-13    6.59932E-13    1.90328E-12    5.48987E-12    1.58352E-11    4.56756E-11    1.31748E-10    3.80020E-10    1.09614E-09    3.16176E-09    9.11989E-09    2.63057E-08    7.58773E-08    2.18863E-07    6.31297E-07    1.82094E-06    5.25238E-06    1.51502E-05    4.36997E-05    1.26049E-04    3.63580E-04    1.04872E-03    3.02498E-03    8.72537E-03    2.51678E-02    7.25949E-02    2.09395E-01    7.54985E-02
     32    6.53312E-01    0.00000E+00    1.29117E-14    3.22793E-14    8.60781E-14    2.47474E-13    7.13730E-13    2.05870E-12    5.93819E-12    1.71283E-11    4.94056E-11    1.42507E-10    4.11054E-10    1.18566E-09    3.41996E-09    9.86465E-09    2.84540E-08    8.20737E-08    2.36736E-07    6.82851E-07    1.96964E-06    5.68131E-06    1.63874E-05    4.72684E-05    1.36343E-04    3.93272E-04    1.13437E-03    3.27201E-03    9.43792E-03    2.72231E-02    7.85233E-02    2.26495E-01

  Mixing waters indices:

      3    1    2    4    5    6    7    8    9   10   11   12   13   14   15   16   17   18   19   20   21   22   23   24   25   26   27   28   29   30   31   32
      4    1    2    3    5    6    7    8    9   10   11   12   13   14   15   16   17   18   19   20   21   22   23   24   25   26   27   28   29   30   31   32
      5    1    2    3    4    6    7    8    9   10   11   12   13   14   15   16   17   18   19   20   21   22   23   24   25   26   27   28   29   30   31   32
      6    1    2    3    4    5    7    8    9   10   11   12   13   14   15   16   17   18   19   20   21   22   23   24   25   26   27   28   29   30   31   32
      7    1    2    3    4    5    6    8    9   10   11   12   13   14   15   16   17   18   19   20   21   22   23   24   25   26   27   28   29   30   31   32
      8    1    2    3    4    5    6    7    9   10   11   12   13   14   15   16   17   18   19   20   21   22   23   24   25   26   27   28   29   30   31   32
      9    1    2    3    4    5    6    7    8   10   11   12   13   14   15   16   17   18   19   20   21   22   23   24   25   26   27   28   29   30   31   32
     10    1    2    3    4    5    6    7    8    9   11   12   13   14   15   16   17   18   19   20   21   22   23   24   25   26   27   28   29   30   31   32
     11    1    2    3    4    5    6    7    8    9   10   12   13   14   15   16   17   18   19   20   21   22   23   24   25   26   27   28   29   30   31   32
     12    1    2    3    4    5    6    7    8    9   10   11   13   14   15   16   17   18   19   20   21   22   23   24   25   26   27   28   29   30   31   32
     13    1    2    3    4    5    6    7    8    9   10   11   12   14   15   16   17   18   19   20   21   22   23   24   25   26   27   28   29   30   31   32
     14    1    2    3    4    5    6    7    8    9   10   11   12   13   15   16   17   18   19   20   21   22   23   24   25   26   27   28   29   30   31   32
     15    1    2    3    4    5    6    7    8    9   10   11   12   13   14   16   17   18   19   20   21   22   23   24   25   26   27   28   29   30   31   32
     16    1    2    3    4    5    6    7    8    9   10   11   12   13   14   15   17   18   19   20   21   22   23   24   25   26   27   28   29   30   31   32
     17    1    2    3    4    5    6    7    8    9   10   11   12   13   14   15   16   18   19   20   21   22   23   24   25   26   27   28   29   30   31   32
     18    1    2    3    4    5    6    7    8    9   10   11   12   13   14   15   16   17   19   20   21   22   23   24   25   26   27   28   29   30   31   32
     19    1    2    3    4    5    6    7    8    9   10   11   12   13   14   15   16   17   18   20   21   22   23   24   25   26   27   28   29   30   31   32
     20    1    2    3    4    5    6    7    8    9   10   11   12   13   14   15   16   17   18   19   21   22   23   24   25   26   27   28   29   30   31   32
     21    1    2    3    4    5    6    7    8    9   10   11   12   13   14   15   16   17   18   19   20   22   23   24   25   26   27   28   29   30   31   32
     22    1    2    3    4    5    6    7    8    9   10   11   12   13   14   15   16   17   18   19   20   21   23   24   25   26   27   28   29   30   31   32
     23    1    2    3    4    5    6    7    8    9   10   11   12   13   14   15   16   17   18   19   20   21   22   24   25   26   27   28   29   30   31   32
     24    1    2    3    4    5    6    7    8    9   10   11   12   13   14   15   16   17   18   19   20   21   22   23   25   26   27   28   29   30   31   32
     25    1    2    3    4    5    6    7    8    9   10   11   12   13   14   15   16   17   18   19   20   21   22   23   24   26   27   28   29   30   31   32
     26    1    2    3    4    5    6    7    8    9   10   11   12   13   14   15   16   17   18   19   20   21   22   23   24   25   27   28   29   30   31   32
     27    1    2    3    4    5    6    7    8    9   10   11   12   13   14   15   16   17   18   19   20   21   22   23   24   25   26   28   29   30   31   32
     28    1    2    3    4    5    6    7    8    9   10   11   12   13   14   15   16   17   18   19   20   21   22   23   24   25   26   27   29   30   31   32
     29    1    2    3    4    5    6    7    8    9   10   11   12   13   14   15   16   17   18   19   20   21   22   23   24   25   26   27   28   30   31   32
     30    1    2    3    4    5    6    7    8    9   10   11   12   13   14   15   16   17   18   19   20   21   22   23   24   25   26   27   28   29   31   32
     31    1    2    3    4    5    6    7    8    9   10   11   12   13   14   15   16   17   18   19   20   21   22   23   24   25   26   27   28   29   30   32
     32    1    2    3    4    5    6    7    8    9   10   11   12   13   14   15   16   17   18   19   20   21   22   23   24   25   26   27   28   29   30   31

  Aqueous species:

          ca+2           
          so4-2          
          h2o            
  Minerals:

          gypsum         
  Gases:

  Surface complexes:

  Equilibrium reactions:

          gypsum                        

  Kinetic reactions:

  Global stoichiometric matrix:

                 -1.00000       -1.00000        0.00000        1.00000
  Equilibrium constants:

              3.03599E+04

  Global component matrix:

                  1.00000       -1.00000

  Initial concentration of aqueous species:

              1.00003E+00    1.00003E+00    1.00003E+00    1.00003E+00    1.00003E+00    1.00003E+00    1.00003E+00    1.00003E+00    1.00003E+00    1.00003E+00    2.00000E+02    1.00003E+00    1.00003E+00    1.00003E+00    1.00003E+00    1.00003E+00    1.00003E+00    1.00003E+00    1.00003E+00    1.00003E+00    1.00003E+00    1.00003E+00    1.00003E+00    1.00003E+00    1.00003E+00    1.00003E+00    1.00003E+00    1.00003E+00    1.00003E+00    1.00003E+00
              3.29000E-05    3.29000E-05    3.29000E-05    3.29000E-05    3.29000E-05    3.29000E-05    3.29000E-05    3.29000E-05    3.29000E-05    3.29000E-05    1.00000E-05    3.29000E-05    3.29000E-05    3.29000E-05    3.29000E-05    3.29000E-05    3.29000E-05    3.29000E-05    3.29000E-05    3.29000E-05    3.29000E-05    3.29000E-05    3.29000E-05    3.29000E-05    3.29000E-05    3.29000E-05    3.29000E-05    3.29000E-05    3.29000E-05    3.29000E-05
              5.55556E+01    5.55556E+01    5.55556E+01    5.55556E+01    5.55556E+01    5.55556E+01    5.55556E+01    5.55556E+01    5.55556E+01    5.55556E+01    5.55556E+01    5.55556E+01    5.55556E+01    5.55556E+01    5.55556E+01    5.55556E+01    5.55556E+01    5.55556E+01    5.55556E+01    5.55556E+01    5.55556E+01    5.55556E+01    5.55556E+01    5.55556E+01    5.55556E+01    5.55556E+01    5.55556E+01    5.55556E+01    5.55556E+01    5.55556E+01

  Initial activity water:

              0.00000E+00    0.00000E+00    0.00000E+00    0.00000E+00    0.00000E+00    0.00000E+00    0.00000E+00    0.00000E+00    0.00000E+00    0.00000E+00    6.89799-307    0.00000E+00    0.00000E+00    0.00000E+00    0.00000E+00    0.00000E+00    0.00000E+00    0.00000E+00    0.00000E+00    0.00000E+00    0.00000E+00    0.00000E+00    0.00000E+00    0.00000E+00    0.00000E+00    0.00000E+00    0.00000E+00    0.00000E+00    0.00000E+00    0.00000E+00

  Initial salinity:

              0.00000E+00    0.00000E+00    0.00000E+00    0.00000E+00    0.00000E+00    0.00000E+00    0.00000E+00    0.00000E+00    0.00000E+00    0.00000E+00    0.00000E+00    0.00000E+00    0.00000E+00    0.00000E+00    0.00000E+00    0.00000E+00    0.00000E+00    0.00000E+00    0.00000E+00    0.00000E+00    0.00000E+00    0.00000E+00    0.00000E+00    0.00000E+00    0.00000E+00    0.00000E+00    0.00000E+00    0.00000E+00    0.00000E+00    0.00000E+00

  Final concentration of aqueous species:

              1.00011E+00    1.00036E+00    1.00148E+00    1.00621E+00    1.02488E+00    1.09317E+00    1.32068E+00    1.99545E+00    3.72072E+00    7.35246E+00    1.32469E+01    2.00574E+01    2.54864E+01    2.78767E+01    2.69732E+01    2.36318E+01    1.91100E+01    1.44974E+01    1.04729E+01    7.31529E+00    5.02713E+00    3.47028E+00    2.46440E+00    1.84220E+00    1.47144E+00    1.25756E+00    1.13768E+00    1.07219E+00    1.03744E+00    1.02070E+00
              3.29346E-05    3.29264E-05    3.28896E-05    3.27351E-05    3.21388E-05    3.01310E-05    2.49403E-05    1.65066E-05    8.85264E-06    4.47989E-06    2.48648E-06    1.64220E-06    1.29238E-06    1.18157E-06    1.22115E-06    1.39381E-06    1.72361E-06    2.27201E-06    3.14508E-06    4.50265E-06    6.55208E-06    9.49152E-06    1.33656E-05    1.78799E-05    2.23851E-05    2.61921E-05    2.89522E-05    3.07205E-05    3.17494E-05    3.22701E-05
              5.55556E+01    5.55556E+01    5.55556E+01    5.55556E+01    5.55556E+01    5.55556E+01    5.55556E+01    5.55556E+01    5.55556E+01    5.55556E+01    5.55556E+01    5.55556E+01    5.55556E+01    5.55556E+01    5.55556E+01    5.55556E+01    5.55556E+01    5.55556E+01    5.55556E+01    5.55556E+01    5.55556E+01    5.55556E+01    5.55556E+01    5.55556E+01    5.55556E+01    5.55556E+01    5.55556E+01    5.55556E+01    5.55556E+01    5.55556E+01

  Final concentration of aqueous species (transposed):

              1.00011E+00    3.29346E-05    5.55556E+01
              1.00036E+00    3.29264E-05    5.55556E+01
              1.00148E+00    3.28896E-05    5.55556E+01
              1.00621E+00    3.27351E-05    5.55556E+01
              1.02488E+00    3.21388E-05    5.55556E+01
              1.09317E+00    3.01310E-05    5.55556E+01
              1.32068E+00    2.49403E-05    5.55556E+01
              1.99545E+00    1.65066E-05    5.55556E+01
              3.72072E+00    8.85264E-06    5.55556E+01
              7.35246E+00    4.47989E-06    5.55556E+01
              1.32469E+01    2.48648E-06    5.55556E+01
              2.00574E+01    1.64220E-06    5.55556E+01
              2.54864E+01    1.29238E-06    5.55556E+01
              2.78767E+01    1.18157E-06    5.55556E+01
              2.69732E+01    1.22115E-06    5.55556E+01
              2.36318E+01    1.39381E-06    5.55556E+01
              1.91100E+01    1.72361E-06    5.55556E+01
              1.44974E+01    2.27201E-06    5.55556E+01
              1.04729E+01    3.14508E-06    5.55556E+01
              7.31529E+00    4.50265E-06    5.55556E+01
              5.02713E+00    6.55208E-06    5.55556E+01
              3.47028E+00    9.49152E-06    5.55556E+01
              2.46440E+00    1.33656E-05    5.55556E+01
              1.84220E+00    1.78799E-05    5.55556E+01
              1.47144E+00    2.23851E-05    5.55556E+01
              1.25756E+00    2.61921E-05    5.55556E+01
              1.13768E+00    2.89522E-05    5.55556E+01
              1.07219E+00    3.07205E-05    5.55556E+01
              1.03744E+00    3.17494E-05    5.55556E+01
              1.02070E+00    3.22701E-05    5.55556E+01

  Final activity coefficients aqueous species:

              1.00000E+00    1.00000E+00    1.00000E+00    1.00000E+00    1.00000E+00    1.00000E+00    1.00000E+00    1.00000E+00    1.00000E+00    1.00000E+00    1.00000E+00    1.00000E+00    1.00000E+00    1.00000E+00    1.00000E+00    1.00000E+00    1.00000E+00    1.00000E+00    1.00000E+00    1.00000E+00    1.00000E+00    1.00000E+00    1.00000E+00    1.00000E+00    1.00000E+00    1.00000E+00    1.00000E+00    1.00000E+00    1.00000E+00    1.00000E+00
              1.00000E+00    1.00000E+00    1.00000E+00    1.00000E+00    1.00000E+00    1.00000E+00    1.00000E+00    1.00000E+00    1.00000E+00    1.00000E+00    1.00000E+00    1.00000E+00    1.00000E+00    1.00000E+00    1.00000E+00    1.00000E+00    1.00000E+00    1.00000E+00    1.00000E+00    1.00000E+00    1.00000E+00    1.00000E+00    1.00000E+00    1.00000E+00    1.00000E+00    1.00000E+00    1.00000E+00    1.00000E+00    1.00000E+00    1.00000E+00
              1.76760E-02    1.76759E-02    1.76755E-02    1.76740E-02    1.76679E-02    1.76458E-02    1.75721E-02    1.73535E-02    1.67945E-02    1.56178E-02    1.37080E-02    1.15014E-02    9.74240E-03    8.96794E-03    9.26070E-03    1.03433E-02    1.18084E-02    1.33028E-02    1.46068E-02    1.56298E-02    1.63712E-02    1.68756E-02    1.72015E-02    1.74031E-02    1.75232E-02    1.75925E-02    1.76314E-02    1.76526E-02    1.76639E-02    1.76693E-02

  Activity water:

              1.07353E-04    0.00000E+00    9.81997E-01    9.81993E-01    9.81973E-01    9.81888E-01    9.81552E-01    9.80322E-01    9.76227E-01    9.64082E-01    9.33027E-01    8.67656E-01    7.61555E-01    6.38968E-01    5.41244E-01    4.98219E-01    5.14483E-01    5.74627E-01    6.56020E-01    7.39047E-01    8.11487E-01    8.68325E-01    9.09511E-01    9.37535E-01    9.55641E-01    9.66840E-01    9.73514E-01    9.77363E-01    9.79521E-01    9.80700E-01    9.81325E-01    9.81627E-01

  Final salinity:

              3.85406E-02    3.85498E-02    3.85914E-02    3.87664E-02    3.94572E-02    4.19756E-02    5.02717E-02    7.40529E-02    1.29769E-01    2.27604E-01    3.46794E-01    4.45633E-01    5.05304E-01    5.27688E-01    5.19469E-01    4.86420E-01    4.33714E-01    3.67499E-01    2.95643E-01    2.26714E-01    1.67692E-01    1.22101E-01    8.98909E-02    6.87567E-02    5.56901E-02    4.79846E-02    4.36100E-02    4.12035E-02    3.99217E-02    3.93029E-02

  Kinetic reaction rates:


  Reactive zone    1:

          Non-flowing species:

                    gypsum         

          Number of equilibrium reactions:         1

          Stoichiometric matrix:

                 -1.00000       -1.00000        0.00000        1.00000

          Equilibrium constants:

              3.03599E+04

          Primary species:

                    ca+2           
          Component matrix:

                  1.00000       -1.00000

          Initial concentration of components:

              1.00000E+00    1.00000E+00    1.00000E+00    1.00000E+00    1.00000E+00    1.00000E+00    1.00000E+00    1.00000E+00    1.00000E+00    1.00000E+00    2.00000E+02    1.00000E+00    1.00000E+00    1.00000E+00    1.00000E+00    1.00000E+00    1.00000E+00    1.00000E+00    1.00000E+00    1.00000E+00    1.00000E+00    1.00000E+00    1.00000E+00    1.00000E+00    1.00000E+00    1.00000E+00    1.00000E+00    1.00000E+00    1.00000E+00    1.00000E+00

          Concentration of components:

              1.00008E+00    1.00033E+00    1.00145E+00    1.00617E+00    1.02484E+00    1.09314E+00    1.32066E+00    1.99543E+00    3.72071E+00    7.35245E+00    1.32469E+01    2.00574E+01    2.54864E+01    2.78767E+01    2.69732E+01    2.36318E+01    1.91100E+01    1.44974E+01    1.04729E+01    7.31529E+00    5.02713E+00    3.47027E+00    2.46438E+00    1.84218E+00    1.47141E+00    1.25754E+00    1.13765E+00    1.07216E+00    1.03741E+00    1.02067E+00

          Concentration of components (transposed):

              1.00008E+00
              1.00033E+00
              1.00145E+00
              1.00617E+00
              1.02484E+00
              1.09314E+00
              1.32066E+00
              1.99543E+00
              3.72071E+00
              7.35245E+00
              1.32469E+01
              2.00574E+01
              2.54864E+01
              2.78767E+01
              2.69732E+01
              2.36318E+01
              1.91100E+01
              1.44974E+01
              1.04729E+01
              7.31529E+00
              5.02713E+00
              3.47027E+00
              2.46438E+00
              1.84218E+00
              1.47141E+00
              1.25754E+00
              1.13765E+00
              1.07216E+00
              1.03741E+00
              1.02067E+00

          Initial volumetric fractions of minerals:

              5.00000E-01    5.00000E-01    5.00000E-01    5.00000E-01    5.00000E-01    5.00000E-01    5.00000E-01    5.00000E-01    5.00000E-01    5.00000E-01    5.00000E-01    5.00000E-01    5.00000E-01    5.00000E-01    5.00000E-01    5.00000E-01    5.00000E-01    5.00000E-01    5.00000E-01    5.00000E-01    5.00000E-01    5.00000E-01    5.00000E-01    5.00000E-01    5.00000E-01    5.00000E-01    5.00000E-01    5.00000E-01    5.00000E-01    5.00000E-01

          Volumetric fractions of minerals:

              5.00000E-01    5.00000E-01    5.00000E-01    5.00000E-01    5.00000E-01    5.00000E-01    5.00000E-01    5.00001E-01    5.00002E-01    5.00002E-01    5.00001E-01    5.00001E-01    5.00001E-01    5.00001E-01    5.00001E-01    5.00001E-01    5.00001E-01    5.00001E-01    5.00001E-01    5.00001E-01    5.00001E-01    5.00000E-01    5.00000E-01    5.00000E-01    5.00000E-01    5.00000E-01    5.00000E-01    5.00000E-01    5.00000E-01    5.00000E-01

          Initial concentration of minerals:

              1.00000E+00    1.00000E+00    1.00000E+00    1.00000E+00    1.00000E+00    1.00000E+00    1.00000E+00    1.00000E+00    1.00000E+00    1.00000E+00    1.00000E+00    1.00000E+00    1.00000E+00    1.00000E+00    1.00000E+00    1.00000E+00    1.00000E+00    1.00000E+00    1.00000E+00    1.00000E+00    1.00000E+00    1.00000E+00    1.00000E+00    1.00000E+00    1.00000E+00    1.00000E+00    1.00000E+00    1.00000E+00    1.00000E+00    1.00000E+00

          Concentration of minerals:

              1.00000E+00    1.00000E+00    1.00000E+00    1.00000E+00    1.00000E+00    1.00000E+00    1.00001E+00    1.00004E+00    1.00006E+00    1.00006E+00    1.00003E+00    1.00003E+00    1.00003E+00    1.00003E+00    1.00003E+00    1.00003E+00    1.00002E+00    1.00002E+00    1.00002E+00    1.00002E+00    1.00001E+00    1.00001E+00    1.00001E+00    1.00001E+00    1.00000E+00    1.00000E+00    1.00000E+00    1.00000E+00    1.00000E+00    1.00000E+00

          Concentration of surface complexes:


          Concentration of gases:


          Initial partial pressures of gases:


          Partial pressures of gases:


          Initial volume of gas:


          Volume of gas:


          Aqueous equilibrium reaction rates:


          Mineral equilibrium reaction rates:

             -4.84299E-09   -1.61944E-09   -7.05672E-11    3.79106E-09    2.76455E-08    1.53792E-07    5.71619E-07    1.18736E-06    1.34884E-06    9.78932E-07    5.42531E-07    2.54556E-07    1.06136E-07    3.99415E-08    1.67991E-08    1.86183E-08    4.10708E-08    8.87989E-08    1.72662E-07    3.04959E-07    4.86617E-07    6.84429E-07    8.18602E-07    8.04841E-07    6.40030E-07    4.15764E-07    2.27506E-07    1.08953E-07    4.73408E-08    2.03403E-08

          Gas equilibrium reaction rates:

