  Integration method chemical reactions:          Euler fully implicit

  Number of targets:   31


  Time step:

      1.00000E+00

  Final time:

      1.00000E+01


  Dimension + Mixing ratios (by rows) (including boundary and sink/source terms):

     31    1.00000E+00    0.00000E+00    0.00000E+00    0.00000E+00    0.00000E+00    0.00000E+00    0.00000E+00    0.00000E+00    0.00000E+00    0.00000E+00    0.00000E+00    0.00000E+00    0.00000E+00    0.00000E+00    0.00000E+00    0.00000E+00    0.00000E+00    0.00000E+00    0.00000E+00    0.00000E+00    0.00000E+00    0.00000E+00    0.00000E+00    0.00000E+00    0.00000E+00    0.00000E+00    0.00000E+00    0.00000E+00    0.00000E+00    0.00000E+00    0.00000E+00
     31    2.12076E-02    8.90718E-01    1.70908E-02    1.37730E-02    1.10992E-02    8.94421E-03    7.20746E-03    5.80771E-03    4.67955E-03    3.77026E-03    3.03733E-03    2.44652E-03    1.97023E-03    1.58621E-03    1.27653E-03    1.02674E-03    8.25187E-04    6.62475E-04    5.31031E-04    4.24750E-04    3.38704E-04    2.68918E-04    2.12180E-04    1.65898E-04    1.27974E-04    9.67083E-05    7.07231E-05    4.88965E-05    3.03129E-05    1.42209E-05    5.40393E-04
     31    3.64304E-02    7.93373E-01    1.88898E-02    2.93583E-02    2.36587E-02    1.90653E-02    1.53633E-02    1.23796E-02    9.97484E-03    8.03660E-03    6.47431E-03    5.21496E-03    4.19971E-03    3.38114E-03    2.72103E-03    2.18858E-03    1.75895E-03    1.41212E-03    1.13194E-03    9.05389E-04    7.21975E-04    5.73219E-04    4.52279E-04    3.53625E-04    2.72786E-04    2.06141E-04    1.50752E-04    1.04227E-04    6.46143E-05    3.03129E-05    1.15189E-03
     31    4.73567E-02    7.06659E-01    1.68252E-02    3.24486E-02    3.81630E-02    3.07535E-02    2.47819E-02    1.99690E-02    1.60900E-02    1.29635E-02    1.04435E-02    8.41204E-03    6.77438E-03    5.45398E-03    4.38919E-03    3.53032E-03    2.83730E-03    2.27783E-03    1.82588E-03    1.46045E-03    1.16459E-03    9.24637E-04    7.29553E-04    5.70418E-04    4.40021E-04    3.32519E-04    2.43172E-04    1.68124E-04    1.04227E-04    4.88965E-05    1.85807E-03
     31    5.51983E-02    6.29414E-01    1.49861E-02    2.89017E-02    4.21801E-02    4.44813E-02    3.58441E-02    2.88829E-02    2.32723E-02    1.87502E-02    1.51052E-02    1.21670E-02    9.79834E-03    7.88854E-03    6.34845E-03    5.10619E-03    4.10381E-03    3.29461E-03    2.64092E-03    2.11237E-03    1.68444E-03    1.33738E-03    1.05521E-03    8.25043E-04    6.36438E-04    4.80949E-04    3.51720E-04    2.43172E-04    1.50752E-04    7.07231E-05    2.68748E-03
     31    6.08247E-02    5.60602E-01    1.33477E-02    2.57419E-02    3.75687E-02    4.91635E-02    4.90140E-02    3.94951E-02    3.18231E-02    2.56395E-02    2.06552E-02    1.66375E-02    1.33985E-02    1.07870E-02    8.68102E-03    6.98232E-03    5.61165E-03    4.50513E-03    3.61125E-03    2.88850E-03    2.30334E-03    1.82876E-03    1.44292E-03    1.12818E-03    8.70280E-04    6.57660E-04    4.80949E-04    3.32519E-04    2.06141E-04    9.67083E-05    3.67492E-03
     31    6.48600E-02    4.99298E-01    1.18880E-02    2.29270E-02    3.34604E-02    4.37874E-02    5.41733E-02    5.22637E-02    4.21114E-02    3.39286E-02    2.73330E-02    2.20163E-02    1.77302E-02    1.42744E-02    1.14876E-02    9.23968E-03    7.42587E-03    5.96162E-03    4.77876E-03    3.82234E-03    3.04801E-03    2.41999E-03    1.90941E-03    1.49292E-03    1.15164E-03    8.70280E-04    6.36438E-04    4.40021E-04    2.72786E-04    1.27974E-04    4.86300E-03
     31    6.77517E-02    4.44681E-01    1.05876E-02    2.04190E-02    2.98003E-02    3.89976E-02    4.82474E-02    5.77651E-02    5.45909E-02    4.39832E-02    3.54330E-02    2.85407E-02    2.29844E-02    1.85045E-02    1.48918E-02    1.19778E-02    9.62649E-03    7.72831E-03    6.19492E-03    4.95506E-03    3.95127E-03    3.13715E-03    2.47526E-03    1.93534E-03    1.49292E-03    1.12818E-03    8.25043E-04    5.70418E-04    3.53625E-04    1.65898E-04    6.30413E-03
     31    6.98206E-02    3.96017E-01    9.42897E-03    1.81844E-02    2.65390E-02    3.47298E-02    4.29674E-02    5.14436E-02    6.03373E-02    5.62536E-02    4.53180E-02    3.65030E-02    2.93965E-02    2.36668E-02    1.90463E-02    1.53194E-02    1.23121E-02    9.88435E-03    7.92317E-03    6.33742E-03    5.05359E-03    4.01234E-03    3.16580E-03    2.47526E-03    1.90941E-03    1.44292E-03    1.05521E-03    7.29553E-04    4.52279E-04    2.12180E-04    8.06285E-03
     31    7.12959E-02    3.52652E-01    8.39647E-03    1.61932E-02    2.36329E-02    3.09268E-02    3.82624E-02    4.58103E-02    5.37301E-02    6.21750E-02    5.74362E-02    4.62639E-02    3.72573E-02    2.99954E-02    2.41394E-02    1.94158E-02    1.56044E-02    1.25274E-02    1.00418E-02    8.03207E-03    6.40493E-03    5.08526E-03    4.01234E-03    3.13715E-03    2.41999E-03    1.82876E-03    1.33738E-03    9.24637E-04    5.73219E-04    2.68918E-04    1.02189E-02
     31    7.23414E-02    3.14002E-01    7.47624E-03    1.44185E-02    2.10428E-02    2.75373E-02    3.40689E-02    4.07896E-02    4.78415E-02    5.53608E-02    6.34821E-02    5.82699E-02    4.69259E-02    3.77795E-02    3.04038E-02    2.44544E-02    1.96538E-02    1.57784E-02    1.26478E-02    1.01165E-02    8.06707E-03    6.40493E-03    5.05359E-03    3.95127E-03    3.04801E-03    2.30334E-03    1.68444E-03    1.16459E-03    7.21975E-04    3.38704E-04    1.28708E-02
     31    7.30730E-02    2.79547E-01    6.65589E-03    1.28364E-02    1.87338E-02    2.45157E-02    3.03306E-02    3.63139E-02    4.25919E-02    4.92862E-02    5.65163E-02    6.44036E-02    5.88471E-02    4.73772E-02    3.81277E-02    3.06669E-02    2.46468E-02    1.97869E-02    1.58609E-02    1.26865E-02    1.01165E-02    8.03207E-03    6.33742E-03    4.95506E-03    3.82234E-03    2.88850E-03    2.11237E-03    1.46045E-03    9.05389E-04    4.24750E-04    1.61405E-02
     31    7.35719E-02    2.48822E-01    5.92434E-03    1.14255E-02    1.66748E-02    2.18212E-02    2.69970E-02    3.23226E-02    3.79107E-02    4.38691E-02    5.03046E-02    5.73250E-02    6.50416E-02    5.92319E-02    4.76680E-02    3.83403E-02    3.08139E-02    2.47379E-02    1.98296E-02    1.58609E-02    1.26478E-02    1.00418E-02    7.92317E-03    6.19492E-03    4.77876E-03    3.61125E-03    2.64092E-03    1.82588E-03    1.13194E-03    5.31031E-04    2.01792E-02
     31    7.38933E-02    2.21411E-01    5.27169E-03    1.01668E-02    1.48378E-02    1.94173E-02    2.40229E-02    2.87618E-02    3.37343E-02    3.90363E-02    4.47629E-02    5.10098E-02    5.78763E-02    6.54669E-02    5.94670E-02    4.78305E-02    3.84411E-02    3.08612E-02    2.47379E-02    1.97869E-02    1.57784E-02    1.25274E-02    9.88435E-03    7.72831E-03    5.96162E-03    4.50513E-03    3.29461E-03    2.27783E-03    1.41212E-03    6.62475E-04    2.51740E-02
     31    7.40729E-02    1.96941E-01    4.68907E-03    9.04321E-03    1.31980E-02    1.72713E-02    2.13679E-02    2.55831E-02    3.00060E-02    3.47221E-02    3.98157E-02    4.53723E-02    5.14799E-02    5.82315E-02    6.57267E-02    5.95783E-02    4.78827E-02    3.84411E-02    3.08139E-02    2.46468E-02    1.96538E-02    1.56044E-02    1.23121E-02    9.62649E-03    7.42587E-03    5.61165E-03    4.10381E-03    2.83730E-03    1.75895E-03    8.25187E-04    3.13571E-02
     31    7.41306E-02    1.75078E-01    4.16852E-03    8.03928E-03    1.17328E-02    1.53539E-02    1.89958E-02    2.27430E-02    2.66749E-02    3.08674E-02    3.53956E-02    4.03353E-02    4.57649E-02    5.17670E-02    5.84301E-02    6.58497E-02    5.95783E-02    4.78305E-02    3.83403E-02    3.06669E-02    2.44544E-02    1.94158E-02    1.53194E-02    1.19778E-02    9.23968E-03    6.98232E-03    5.10619E-03    3.53032E-03    2.18858E-03    1.02674E-03    3.90162E-02
     31    7.40729E-02    1.55520E-01    3.70287E-03    7.14124E-03    1.04222E-02    1.36388E-02    1.68738E-02    2.02025E-02    2.36951E-02    2.74193E-02    3.14417E-02    3.58296E-02    4.06526E-02    4.59843E-02    5.19030E-02    5.84939E-02    6.58497E-02    5.94670E-02    4.76680E-02    3.81277E-02    3.04038E-02    2.41394E-02    1.90463E-02    1.48918E-02    1.14876E-02    8.68102E-03    6.34845E-03    4.38919E-03    2.72103E-03    1.27653E-03    4.85083E-02
     31    7.38933E-02    1.37997E-01    3.28564E-03    6.33660E-03    9.24785E-03    1.21020E-02    1.49725E-02    1.79261E-02    2.10253E-02    2.43298E-02    2.78990E-02    3.17924E-02    3.60721E-02    4.08030E-02    4.60548E-02    5.19030E-02    5.84301E-02    6.57267E-02    5.92319E-02    4.73772E-02    3.77795E-02    2.99954E-02    2.36668E-02    1.85045E-02    1.42744E-02    1.07870E-02    7.88854E-03    5.45398E-03    3.38114E-03    1.58621E-03    6.02761E-02
     31    7.35719E-02    1.22261E-01    2.91097E-03    5.61400E-03    8.19328E-03    1.07220E-02    1.32651E-02    1.58819E-02    1.86277E-02    2.15554E-02    2.47175E-02    2.81670E-02    3.19586E-02    3.61500E-02    4.08030E-02    4.59843E-02    5.17670E-02    5.82315E-02    6.54669E-02    5.88471E-02    4.69259E-02    3.72573E-02    2.93965E-02    2.29844E-02    1.77302E-02    1.33985E-02    9.79834E-03    6.77438E-03    4.19971E-03    1.97023E-03    7.48688E-02
     31    7.30730E-02    1.08085E-01    2.57345E-03    4.96309E-03    7.24331E-03    9.47882E-03    1.17271E-02    1.40405E-02    1.64679E-02    1.90562E-02    2.18516E-02    2.49012E-02    2.82532E-02    3.19586E-02    3.60721E-02    4.06526E-02    4.57649E-02    5.14799E-02    5.78763E-02    6.50416E-02    5.82699E-02    4.62639E-02    3.65030E-02    2.85407E-02    2.20163E-02    1.66375E-02    1.21670E-02    8.41204E-03    5.21496E-03    2.44652E-03    9.29679E-02
     31    7.23414E-02    9.52617E-02    2.26814E-03    4.37426E-03    6.38395E-03    8.35425E-03    1.03358E-02    1.23747E-02    1.45141E-02    1.67953E-02    1.92591E-02    2.19469E-02    2.49012E-02    2.81670E-02    3.17924E-02    3.58296E-02    4.03353E-02    4.53723E-02    5.10098E-02    5.73250E-02    6.44036E-02    5.74362E-02    4.53180E-02    3.54330E-02    2.73330E-02    2.06552E-02    1.51052E-02    1.04435E-02    6.47431E-03    3.03733E-03    1.15419E-01
     31    7.12959E-02    8.35954E-02    1.99037E-03    3.83857E-03    5.60214E-03    7.33114E-03    9.07002E-03    1.08593E-02    1.27366E-02    1.47385E-02    1.69006E-02    1.92591E-02    2.18516E-02    2.47175E-02    2.78990E-02    3.14417E-02    3.53956E-02    3.98157E-02    4.47629E-02    5.03046E-02    5.65163E-02    6.34821E-02    5.62536E-02    4.39832E-02    3.39286E-02    2.56395E-02    1.87502E-02    1.29635E-02    8.03660E-03    3.77026E-03    1.43270E-01
     31    6.98206E-02    7.29010E-02    1.73574E-03    3.34750E-03    4.88546E-03    6.39326E-03    7.90969E-03    9.47002E-03    1.11072E-02    1.28530E-02    1.47385E-02    1.67953E-02    1.90562E-02    2.15554E-02    2.43298E-02    2.74193E-02    3.08674E-02    3.47221E-02    3.90363E-02    4.38691E-02    4.92862E-02    5.53608E-02    6.21750E-02    5.45909E-02    4.21114E-02    3.18231E-02    2.32723E-02    1.60900E-02    9.97484E-03    4.67955E-03    1.77823E-01
     31    6.77517E-02    6.29993E-02    1.49998E-03    2.89283E-03    4.22189E-03    5.52490E-03    6.83537E-03    8.18377E-03    9.59860E-03    1.11072E-02    1.27366E-02    1.45141E-02    1.64679E-02    1.86277E-02    2.10253E-02    2.36951E-02    2.66749E-02    3.00060E-02    3.37343E-02    3.79107E-02    4.25919E-02    4.78415E-02    5.37301E-02    6.03373E-02    5.22637E-02    3.94951E-02    2.88829E-02    1.99690E-02    1.23796E-02    5.80771E-03    2.20693E-01
     31    6.48600E-02    5.37132E-02    1.27889E-03    2.46642E-03    3.59959E-03    4.71053E-03    5.82783E-03    6.97748E-03    8.18377E-03    9.47002E-03    1.08593E-02    1.23747E-02    1.40405E-02    1.58819E-02    1.79261E-02    2.02025E-02    2.27430E-02    2.55831E-02    2.87618E-02    3.23226E-02    3.63139E-02    4.07896E-02    4.58103E-02    5.14436E-02    5.77651E-02    4.90140E-02    3.58441E-02    2.47819E-02    1.53633E-02    7.20746E-03    2.73883E-01
     31    6.08247E-02    4.48632E-02    1.06817E-03    2.06004E-03    3.00650E-03    3.93440E-03    4.86761E-03    5.82783E-03    6.83537E-03    7.90969E-03    9.07002E-03    1.03358E-02    1.17271E-02    1.32651E-02    1.49725E-02    1.68738E-02    1.89958E-02    2.13679E-02    2.40229E-02    2.69970E-02    3.03306E-02    3.40689E-02    3.82624E-02    4.29674E-02    4.82474E-02    5.41733E-02    4.44813E-02    3.07535E-02    1.90653E-02    8.94421E-03    3.39880E-01
     31    5.51983E-02    3.62621E-02    8.63383E-04    1.66510E-03    2.43010E-03    3.18011E-03    3.93440E-03    4.71053E-03    5.52490E-03    6.39326E-03    7.33114E-03    8.35425E-03    9.47882E-03    1.07220E-02    1.21020E-02    1.36388E-02    1.53539E-02    1.72713E-02    1.94173E-02    2.18212E-02    2.45157E-02    2.75373E-02    3.09268E-02    3.47298E-02    3.89976E-02    4.37874E-02    4.91635E-02    3.81630E-02    2.36587E-02    1.10992E-02    4.21768E-01
     31    4.73567E-02    2.77099E-02    6.59760E-04    1.27239E-03    1.85698E-03    2.43010E-03    3.00650E-03    3.59959E-03    4.22189E-03    4.88546E-03    5.60214E-03    6.38395E-03    7.24331E-03    8.19328E-03    9.24785E-03    1.04222E-02    1.17328E-02    1.31980E-02    1.48378E-02    1.66748E-02    1.87338E-02    2.10428E-02    2.36329E-02    2.65390E-02    2.98003E-02    3.34604E-02    3.75687E-02    4.21801E-02    2.93583E-02    1.37730E-02    5.23375E-01
     31    3.64304E-02    1.89867E-02    4.52065E-04    8.71840E-04    1.27239E-03    1.66510E-03    2.06004E-03    2.46642E-03    2.89283E-03    3.34750E-03    3.83857E-03    4.37426E-03    4.96309E-03    5.61400E-03    6.33660E-03    7.14124E-03    8.03928E-03    9.04321E-03    1.01668E-02    1.14255E-02    1.28364E-02    1.44185E-02    1.61932E-02    1.81844E-02    2.04190E-02    2.29270E-02    2.57419E-02    2.89017E-02    3.24486E-02    1.70908E-02    6.49451E-01
     31    2.12076E-02    9.84498E-03    2.34404E-04    4.52065E-04    6.59760E-04    8.63383E-04    1.06817E-03    1.27889E-03    1.49998E-03    1.73574E-03    1.99037E-03    2.26814E-03    2.57345E-03    2.91097E-03    3.28564E-03    3.70287E-03    4.16852E-03    4.68907E-03    5.27169E-03    5.92434E-03    6.65589E-03    7.47624E-03    8.39647E-03    9.42897E-03    1.05876E-02    1.18880E-02    1.33477E-02    1.49861E-02    1.68252E-02    1.88898E-02    8.05888E-01
     31    1.00000E+00    0.00000E+00    0.00000E+00    0.00000E+00    0.00000E+00    0.00000E+00    0.00000E+00    0.00000E+00    0.00000E+00    0.00000E+00    0.00000E+00    0.00000E+00    0.00000E+00    0.00000E+00    0.00000E+00    0.00000E+00    0.00000E+00    0.00000E+00    0.00000E+00    0.00000E+00    0.00000E+00    0.00000E+00    0.00000E+00    0.00000E+00    0.00000E+00    0.00000E+00    0.00000E+00    0.00000E+00    0.00000E+00    0.00000E+00    0.00000E+00

  Mixing waters indices:

      1    2    3    4    5    6    7    8    9   10   11   12   13   14   15   16   17   18   19   20   21   22   23   24   25   26   27   28   29   30   31
      2    1    3    4    5    6    7    8    9   10   11   12   13   14   15   16   17   18   19   20   21   22   23   24   25   26   27   28   29   30   31
      3    1    2    4    5    6    7    8    9   10   11   12   13   14   15   16   17   18   19   20   21   22   23   24   25   26   27   28   29   30   31
      4    1    2    3    5    6    7    8    9   10   11   12   13   14   15   16   17   18   19   20   21   22   23   24   25   26   27   28   29   30   31
      5    1    2    3    4    6    7    8    9   10   11   12   13   14   15   16   17   18   19   20   21   22   23   24   25   26   27   28   29   30   31
      6    1    2    3    4    5    7    8    9   10   11   12   13   14   15   16   17   18   19   20   21   22   23   24   25   26   27   28   29   30   31
      7    1    2    3    4    5    6    8    9   10   11   12   13   14   15   16   17   18   19   20   21   22   23   24   25   26   27   28   29   30   31
      8    1    2    3    4    5    6    7    9   10   11   12   13   14   15   16   17   18   19   20   21   22   23   24   25   26   27   28   29   30   31
      9    1    2    3    4    5    6    7    8   10   11   12   13   14   15   16   17   18   19   20   21   22   23   24   25   26   27   28   29   30   31
     10    1    2    3    4    5    6    7    8    9   11   12   13   14   15   16   17   18   19   20   21   22   23   24   25   26   27   28   29   30   31
     11    1    2    3    4    5    6    7    8    9   10   12   13   14   15   16   17   18   19   20   21   22   23   24   25   26   27   28   29   30   31
     12    1    2    3    4    5    6    7    8    9   10   11   13   14   15   16   17   18   19   20   21   22   23   24   25   26   27   28   29   30   31
     13    1    2    3    4    5    6    7    8    9   10   11   12   14   15   16   17   18   19   20   21   22   23   24   25   26   27   28   29   30   31
     14    1    2    3    4    5    6    7    8    9   10   11   12   13   15   16   17   18   19   20   21   22   23   24   25   26   27   28   29   30   31
     15    1    2    3    4    5    6    7    8    9   10   11   12   13   14   16   17   18   19   20   21   22   23   24   25   26   27   28   29   30   31
     16    1    2    3    4    5    6    7    8    9   10   11   12   13   14   15   17   18   19   20   21   22   23   24   25   26   27   28   29   30   31
     17    1    2    3    4    5    6    7    8    9   10   11   12   13   14   15   16   18   19   20   21   22   23   24   25   26   27   28   29   30   31
     18    1    2    3    4    5    6    7    8    9   10   11   12   13   14   15   16   17   19   20   21   22   23   24   25   26   27   28   29   30   31
     19    1    2    3    4    5    6    7    8    9   10   11   12   13   14   15   16   17   18   20   21   22   23   24   25   26   27   28   29   30   31
     20    1    2    3    4    5    6    7    8    9   10   11   12   13   14   15   16   17   18   19   21   22   23   24   25   26   27   28   29   30   31
     21    1    2    3    4    5    6    7    8    9   10   11   12   13   14   15   16   17   18   19   20   22   23   24   25   26   27   28   29   30   31
     22    1    2    3    4    5    6    7    8    9   10   11   12   13   14   15   16   17   18   19   20   21   23   24   25   26   27   28   29   30   31
     23    1    2    3    4    5    6    7    8    9   10   11   12   13   14   15   16   17   18   19   20   21   22   24   25   26   27   28   29   30   31
     24    1    2    3    4    5    6    7    8    9   10   11   12   13   14   15   16   17   18   19   20   21   22   23   25   26   27   28   29   30   31
     25    1    2    3    4    5    6    7    8    9   10   11   12   13   14   15   16   17   18   19   20   21   22   23   24   26   27   28   29   30   31
     26    1    2    3    4    5    6    7    8    9   10   11   12   13   14   15   16   17   18   19   20   21   22   23   24   25   27   28   29   30   31
     27    1    2    3    4    5    6    7    8    9   10   11   12   13   14   15   16   17   18   19   20   21   22   23   24   25   26   28   29   30   31
     28    1    2    3    4    5    6    7    8    9   10   11   12   13   14   15   16   17   18   19   20   21   22   23   24   25   26   27   29   30   31
     29    1    2    3    4    5    6    7    8    9   10   11   12   13   14   15   16   17   18   19   20   21   22   23   24   25   26   27   28   30   31
     30    1    2    3    4    5    6    7    8    9   10   11   12   13   14   15   16   17   18   19   20   21   22   23   24   25   26   27   28   29   31
     31    1    2    3    4    5    6    7    8    9   10   11   12   13   14   15   16   17   18   19   20   21   22   23   24   25   26   27   28   29   30

  Matrix that is inverted:

                     1.00000E+00    0.00000E+00
     -4.20000E+01    8.10000E+01   -3.80000E+01
     -4.20000E+01    8.10000E+01   -3.80000E+01
     -4.20000E+01    8.10000E+01   -3.80000E+01
     -4.20000E+01    8.10000E+01   -3.80000E+01
     -4.20000E+01    8.10000E+01   -3.80000E+01
     -4.20000E+01    8.10000E+01   -3.80000E+01
     -4.20000E+01    8.10000E+01   -3.80000E+01
     -4.20000E+01    8.10000E+01   -3.80000E+01
     -4.20000E+01    8.10000E+01   -3.80000E+01
     -4.20000E+01    8.10000E+01   -3.80000E+01
     -4.20000E+01    8.10000E+01   -3.80000E+01
     -4.20000E+01    8.10000E+01   -3.80000E+01
     -4.20000E+01    8.10000E+01   -3.80000E+01
     -4.20000E+01    8.10000E+01   -3.80000E+01
     -4.20000E+01    8.10000E+01   -3.80000E+01
     -4.20000E+01    8.10000E+01   -3.80000E+01
     -4.20000E+01    8.10000E+01   -3.80000E+01
     -4.20000E+01    8.10000E+01   -3.80000E+01
     -4.20000E+01    8.10000E+01   -3.80000E+01
     -4.20000E+01    8.10000E+01   -3.80000E+01
     -4.20000E+01    8.10000E+01   -3.80000E+01
     -4.20000E+01    8.10000E+01   -3.80000E+01
     -4.20000E+01    8.10000E+01   -3.80000E+01
     -4.20000E+01    8.10000E+01   -3.80000E+01
     -4.20000E+01    8.10000E+01   -3.80000E+01
     -4.20000E+01    8.10000E+01   -3.80000E+01
     -4.20000E+01    8.10000E+01   -3.80000E+01
     -4.20000E+01    8.10000E+01   -3.80000E+01
     -4.20000E+01    8.10000E+01   -3.80000E+01
      0.00000E+00    1.00000E+00

  Aqueous species:

          ca+2           
          h+             
          so4-2          
          hco3-          
          co3-2          
          h2o            
  Minerals (name + molar volume):

          gypsum             7.46900E-02
          calcite            3.69340E-02
  Gases:

  Surface complexes:

  Equilibrium reactions:

          gypsum                        

          calcite                       

          co3-2                         

  Kinetic reactions:

  Global stoichiometric matrix:

                 -1.00000        0.00000       -1.00000        0.00000        0.00000        0.00000        1.00000        0.00000
                 -1.00000        1.00000        0.00000       -1.00000        0.00000        0.00000        0.00000        1.00000
                  0.00000        1.00000        0.00000       -1.00000        1.00000        0.00000        0.00000        0.00000
  Equilibrium constants:

              3.03599E+04
              1.41677E-02
              4.69029E-11

  Global component matrix:

                  1.00000        0.00000       -1.00000       -1.00000       -1.00000
                  0.00000        1.00000        0.00000        1.00000        0.00000

  Initial concentration of aqueous species:

              1.00000E-01    1.00000E-02    1.00000E-02    1.00000E-02    1.00000E-02    1.00000E-02    1.00000E-02    1.00000E-02    1.00000E-02    1.00000E-02    1.00000E-02    1.00000E-02    1.00000E-02    1.00000E-02    1.00000E-02    1.00000E-02    1.00000E-02    1.00000E-02    1.00000E-02    1.00000E-02    1.00000E-02    1.00000E-02    1.00000E-02    1.00000E-02    1.00000E-02    1.00000E-02    1.00000E-02    1.00000E-02    1.00000E-02    1.00000E-02    1.00000E-02
              1.00000E-07    1.00000E-08    1.00000E-08    1.00000E-08    1.00000E-08    1.00000E-08    1.00000E-08    1.00000E-08    1.00000E-08    1.00000E-08    1.00000E-08    1.00000E-08    1.00000E-08    1.00000E-08    1.00000E-08    1.00000E-08    1.00000E-08    1.00000E-08    1.00000E-08    1.00000E-08    1.00000E-08    1.00000E-08    1.00000E-08    1.00000E-08    1.00000E-08    1.00000E-08    1.00000E-08    1.00000E-08    1.00000E-08    1.00000E-08    1.00000E-08
              3.29382E-04    3.29382E-03    3.29382E-03    3.29382E-03    3.29382E-03    3.29382E-03    3.29382E-03    3.29382E-03    3.29382E-03    3.29382E-03    3.29382E-03    3.29382E-03    3.29382E-03    3.29382E-03    3.29382E-03    3.29382E-03    3.29382E-03    3.29382E-03    3.29382E-03    3.29382E-03    3.29382E-03    3.29382E-03    3.29382E-03    3.29382E-03    3.29382E-03    3.29382E-03    3.29382E-03    3.29382E-03    3.29382E-03    3.29382E-03    3.29382E-03
              7.05830E-05    7.05830E-05    7.05830E-05    7.05830E-05    7.05830E-05    7.05830E-05    7.05830E-05    7.05830E-05    7.05830E-05    7.05830E-05    7.05830E-05    7.05830E-05    7.05830E-05    7.05830E-05    7.05830E-05    7.05830E-05    7.05830E-05    7.05830E-05    7.05830E-05    7.05830E-05    7.05830E-05    7.05830E-05    7.05830E-05    7.05830E-05    7.05830E-05    7.05830E-05    7.05830E-05    7.05830E-05    7.05830E-05    7.05830E-05    7.05830E-05
              3.31055E-08    3.31055E-07    3.31055E-07    3.31055E-07    3.31055E-07    3.31055E-07    3.31055E-07    3.31055E-07    3.31055E-07    3.31055E-07    3.31055E-07    3.31055E-07    3.31055E-07    3.31055E-07    3.31055E-07    3.31055E-07    3.31055E-07    3.31055E-07    3.31055E-07    3.31055E-07    3.31055E-07    3.31055E-07    3.31055E-07    3.31055E-07    3.31055E-07    3.31055E-07    3.31055E-07    3.31055E-07    3.31055E-07    3.31055E-07    3.31055E-07
              5.55556E+01    5.55556E+01    5.55556E+01    5.55556E+01    5.55556E+01    5.55556E+01    5.55556E+01    5.55556E+01    5.55556E+01    5.55556E+01    5.55556E+01    5.55556E+01    5.55556E+01    5.55556E+01    5.55556E+01    5.55556E+01    5.55556E+01    5.55556E+01    5.55556E+01    5.55556E+01    5.55556E+01    5.55556E+01    5.55556E+01    5.55556E+01    5.55556E+01    5.55556E+01    5.55556E+01    5.55556E+01    5.55556E+01    5.55556E+01    5.55556E+01

  Initial activity coefficients aqueous species:

              1.00000E+00    1.00000E+00    1.00000E+00    1.00000E+00    1.00000E+00    1.00000E+00    1.00000E+00    1.00000E+00    1.00000E+00    1.00000E+00    1.00000E+00    1.00000E+00    1.00000E+00    1.00000E+00    1.00000E+00    1.00000E+00    1.00000E+00    1.00000E+00    1.00000E+00    1.00000E+00    1.00000E+00    1.00000E+00    1.00000E+00    1.00000E+00    1.00000E+00    1.00000E+00    1.00000E+00    1.00000E+00    1.00000E+00    1.00000E+00    1.00000E+00
              1.00000E+00    1.00000E+00    1.00000E+00    1.00000E+00    1.00000E+00    1.00000E+00    1.00000E+00    1.00000E+00    1.00000E+00    1.00000E+00    1.00000E+00    1.00000E+00    1.00000E+00    1.00000E+00    1.00000E+00    1.00000E+00    1.00000E+00    1.00000E+00    1.00000E+00    1.00000E+00    1.00000E+00    1.00000E+00    1.00000E+00    1.00000E+00    1.00000E+00    1.00000E+00    1.00000E+00    1.00000E+00    1.00000E+00    1.00000E+00    1.00000E+00
              1.00000E+00    1.00000E+00    1.00000E+00    1.00000E+00    1.00000E+00    1.00000E+00    1.00000E+00    1.00000E+00    1.00000E+00    1.00000E+00    1.00000E+00    1.00000E+00    1.00000E+00    1.00000E+00    1.00000E+00    1.00000E+00    1.00000E+00    1.00000E+00    1.00000E+00    1.00000E+00    1.00000E+00    1.00000E+00    1.00000E+00    1.00000E+00    1.00000E+00    1.00000E+00    1.00000E+00    1.00000E+00    1.00000E+00    1.00000E+00    1.00000E+00
              1.00000E+00    1.00000E+00    1.00000E+00    1.00000E+00    1.00000E+00    1.00000E+00    1.00000E+00    1.00000E+00    1.00000E+00    1.00000E+00    1.00000E+00    1.00000E+00    1.00000E+00    1.00000E+00    1.00000E+00    1.00000E+00    1.00000E+00    1.00000E+00    1.00000E+00    1.00000E+00    1.00000E+00    1.00000E+00    1.00000E+00    1.00000E+00    1.00000E+00    1.00000E+00    1.00000E+00    1.00000E+00    1.00000E+00    1.00000E+00    1.00000E+00
              1.00000E+00    1.00000E+00    1.00000E+00    1.00000E+00    1.00000E+00    1.00000E+00    1.00000E+00    1.00000E+00    1.00000E+00    1.00000E+00    1.00000E+00    1.00000E+00    1.00000E+00    1.00000E+00    1.00000E+00    1.00000E+00    1.00000E+00    1.00000E+00    1.00000E+00    1.00000E+00    1.00000E+00    1.00000E+00    1.00000E+00    1.00000E+00    1.00000E+00    1.00000E+00    1.00000E+00    1.00000E+00    1.00000E+00    1.00000E+00    1.00000E+00
              1.79675E-02    1.79957E-02    1.79957E-02    1.79957E-02    1.79957E-02    1.79957E-02    1.79957E-02    1.79957E-02    1.79957E-02    1.79957E-02    1.79957E-02    1.79957E-02    1.79957E-02    1.79957E-02    1.79957E-02    1.79957E-02    1.79957E-02    1.79957E-02    1.79957E-02    1.79957E-02    1.79957E-02    1.79957E-02    1.79957E-02    1.79957E-02    1.79957E-02    1.79957E-02    1.79957E-02    1.79957E-02    1.79957E-02    1.79957E-02    1.79957E-02

  Initial activity water:

              9.98193E-01    9.99759E-01    9.99759E-01    9.99759E-01    9.99759E-01    9.99759E-01    9.99759E-01    9.99759E-01    9.99759E-01    9.99759E-01    9.99759E-01    9.99759E-01    9.99759E-01    9.99759E-01    9.99759E-01    9.99759E-01    9.99759E-01    9.99759E-01    9.99759E-01    9.99759E-01    9.99759E-01    9.99759E-01    9.99759E-01    9.99759E-01    9.99759E-01    9.99759E-01    9.99759E-01    9.99759E-01    9.99759E-01    9.99759E-01    9.99759E-01

  Initial salinity:

              4.02746E-03    7.21003E-04    7.21003E-04    7.21003E-04    7.21003E-04    7.21003E-04    7.21003E-04    7.21003E-04    7.21003E-04    7.21003E-04    7.21003E-04    7.21003E-04    7.21003E-04    7.21003E-04    7.21003E-04    7.21003E-04    7.21003E-04    7.21003E-04    7.21003E-04    7.21003E-04    7.21003E-04    7.21003E-04    7.21003E-04    7.21003E-04    7.21003E-04    7.21003E-04    7.21003E-04    7.21003E-04    7.21003E-04    7.21003E-04    7.21003E-04

  Initial pH:

              7.00000E+00    8.00000E+00    8.00000E+00    8.00000E+00    8.00000E+00    8.00000E+00    8.00000E+00    8.00000E+00    8.00000E+00    8.00000E+00    8.00000E+00    8.00000E+00    8.00000E+00    8.00000E+00    8.00000E+00    8.00000E+00    8.00000E+00    8.00000E+00    8.00000E+00    8.00000E+00    8.00000E+00    8.00000E+00    8.00000E+00    8.00000E+00    8.00000E+00    8.00000E+00    8.00000E+00    8.00000E+00    8.00000E+00    8.00000E+00    8.00000E+00

  Final concentration of aqueous species:

              1.00000E-01    9.94188E-02    9.87776E-02    9.80709E-02    9.72933E-02    9.64384E-02    9.54995E-02    9.44693E-02    9.33394E-02    9.21010E-02    9.07441E-02    8.87036E-02    8.70238E-02    8.51920E-02    8.31943E-02    8.10152E-02    7.86373E-02    7.60410E-02    7.32048E-02    7.01043E-02    6.67127E-02    6.29999E-02    5.89326E-02    5.44744E-02    4.95856E-02    4.42241E-02    3.83478E-02    3.19206E-02    2.49316E-02    1.74640E-02    1.00000E-02
              1.00000E-07    9.94189E-08    9.87776E-08    9.80710E-08    9.72934E-08    9.64385E-08    9.54997E-08    9.44695E-08    9.33397E-08    9.21013E-08    9.07444E-08    8.87040E-08    8.70242E-08    8.51925E-08    8.31949E-08    8.10158E-08    7.86379E-08    7.60417E-08    7.32055E-08    7.01052E-08    6.67136E-08    6.30008E-08    5.89335E-08    5.44753E-08    4.95865E-08    4.42250E-08    3.83486E-08    3.19213E-08    2.49322E-08    1.74643E-08    1.00000E-08
              3.29382E-04    3.31308E-04    3.33458E-04    3.35861E-04    3.38546E-04    3.41547E-04    3.44904E-04    3.48666E-04    3.52886E-04    3.57631E-04    3.62979E-04    3.71329E-04    3.78497E-04    3.86635E-04    3.95919E-04    4.06568E-04    4.18863E-04    4.33164E-04    4.49946E-04    4.69845E-04    4.93732E-04    5.22830E-04    5.58913E-04    6.04655E-04    6.64270E-04    7.44802E-04    8.58934E-04    1.03188E-03    1.32114E-03    1.88606E-03    3.29382E-03
              7.05830E-05    7.05830E-05    7.05830E-05    7.05830E-05    7.05831E-05    7.05831E-05    7.05831E-05    7.05831E-05    7.05832E-05    7.05832E-05    7.05832E-05    7.05833E-05    7.05833E-05    7.05834E-05    7.05835E-05    7.05835E-05    7.05836E-05    7.05836E-05    7.05837E-05    7.05838E-05    7.05839E-05    7.05840E-05    7.05841E-05    7.05842E-05    7.05843E-05    7.05844E-05    7.05844E-05    7.05845E-05    7.05844E-05    7.05841E-05    7.05830E-05
              3.31055E-08    3.32990E-08    3.35152E-08    3.37567E-08    3.40265E-08    3.43281E-08    3.46656E-08    3.50437E-08    3.54678E-08    3.59448E-08    3.64823E-08    3.73215E-08    3.80419E-08    3.88599E-08    3.97930E-08    4.08633E-08    4.20990E-08    4.35364E-08    4.52231E-08    4.72232E-08    4.96240E-08    5.25485E-08    5.61752E-08    6.07726E-08    6.67644E-08    7.48585E-08    8.63296E-08    1.03712E-07    1.32785E-07    1.89564E-07    3.31055E-07
              5.55556E+01    5.55556E+01    5.55556E+01    5.55556E+01    5.55556E+01    5.55556E+01    5.55556E+01    5.55556E+01    5.55556E+01    5.55556E+01    5.55556E+01    5.55556E+01    5.55556E+01    5.55556E+01    5.55556E+01    5.55556E+01    5.55556E+01    5.55556E+01    5.55556E+01    5.55556E+01    5.55556E+01    5.55556E+01    5.55556E+01    5.55556E+01    5.55556E+01    5.55556E+01    5.55556E+01    5.55556E+01    5.55556E+01    5.55556E+01    5.55556E+01

  Final concentration of aqueous species (transposed):

              1.00000E-01    1.00000E-07    3.29382E-04    7.05830E-05    3.31055E-08    5.55556E+01
              9.94188E-02    9.94189E-08    3.31308E-04    7.05830E-05    3.32990E-08    5.55556E+01
              9.87776E-02    9.87776E-08    3.33458E-04    7.05830E-05    3.35152E-08    5.55556E+01
              9.80709E-02    9.80710E-08    3.35861E-04    7.05830E-05    3.37567E-08    5.55556E+01
              9.72933E-02    9.72934E-08    3.38546E-04    7.05831E-05    3.40265E-08    5.55556E+01
              9.64384E-02    9.64385E-08    3.41547E-04    7.05831E-05    3.43281E-08    5.55556E+01
              9.54995E-02    9.54997E-08    3.44904E-04    7.05831E-05    3.46656E-08    5.55556E+01
              9.44693E-02    9.44695E-08    3.48666E-04    7.05831E-05    3.50437E-08    5.55556E+01
              9.33394E-02    9.33397E-08    3.52886E-04    7.05832E-05    3.54678E-08    5.55556E+01
              9.21010E-02    9.21013E-08    3.57631E-04    7.05832E-05    3.59448E-08    5.55556E+01
              9.07441E-02    9.07444E-08    3.62979E-04    7.05832E-05    3.64823E-08    5.55556E+01
              8.87036E-02    8.87040E-08    3.71329E-04    7.05833E-05    3.73215E-08    5.55556E+01
              8.70238E-02    8.70242E-08    3.78497E-04    7.05833E-05    3.80419E-08    5.55556E+01
              8.51920E-02    8.51925E-08    3.86635E-04    7.05834E-05    3.88599E-08    5.55556E+01
              8.31943E-02    8.31949E-08    3.95919E-04    7.05835E-05    3.97930E-08    5.55556E+01
              8.10152E-02    8.10158E-08    4.06568E-04    7.05835E-05    4.08633E-08    5.55556E+01
              7.86373E-02    7.86379E-08    4.18863E-04    7.05836E-05    4.20990E-08    5.55556E+01
              7.60410E-02    7.60417E-08    4.33164E-04    7.05836E-05    4.35364E-08    5.55556E+01
              7.32048E-02    7.32055E-08    4.49946E-04    7.05837E-05    4.52231E-08    5.55556E+01
              7.01043E-02    7.01052E-08    4.69845E-04    7.05838E-05    4.72232E-08    5.55556E+01
              6.67127E-02    6.67136E-08    4.93732E-04    7.05839E-05    4.96240E-08    5.55556E+01
              6.29999E-02    6.30008E-08    5.22830E-04    7.05840E-05    5.25485E-08    5.55556E+01
              5.89326E-02    5.89335E-08    5.58913E-04    7.05841E-05    5.61752E-08    5.55556E+01
              5.44744E-02    5.44753E-08    6.04655E-04    7.05842E-05    6.07726E-08    5.55556E+01
              4.95856E-02    4.95865E-08    6.64270E-04    7.05843E-05    6.67644E-08    5.55556E+01
              4.42241E-02    4.42250E-08    7.44802E-04    7.05844E-05    7.48585E-08    5.55556E+01
              3.83478E-02    3.83486E-08    8.58934E-04    7.05844E-05    8.63296E-08    5.55556E+01
              3.19206E-02    3.19213E-08    1.03188E-03    7.05845E-05    1.03712E-07    5.55556E+01
              2.49316E-02    2.49322E-08    1.32114E-03    7.05844E-05    1.32785E-07    5.55556E+01
              1.74640E-02    1.74643E-08    1.88606E-03    7.05841E-05    1.89564E-07    5.55556E+01
              1.00000E-02    1.00000E-08    3.29382E-03    7.05830E-05    3.31055E-07    5.55556E+01

  Final activity coefficients aqueous species:

              1.00000E+00    1.00000E+00    1.00000E+00    1.00000E+00    1.00000E+00    1.00000E+00    1.00000E+00    1.00000E+00    1.00000E+00    1.00000E+00    1.00000E+00    1.00000E+00    1.00000E+00    1.00000E+00    1.00000E+00    1.00000E+00    1.00000E+00    1.00000E+00    1.00000E+00    1.00000E+00    1.00000E+00    1.00000E+00    1.00000E+00    1.00000E+00    1.00000E+00    1.00000E+00    1.00000E+00    1.00000E+00    1.00000E+00    1.00000E+00    1.00000E+00
              1.00000E+00    1.00000E+00    1.00000E+00    1.00000E+00    1.00000E+00    1.00000E+00    1.00000E+00    1.00000E+00    1.00000E+00    1.00000E+00    1.00000E+00    1.00000E+00    1.00000E+00    1.00000E+00    1.00000E+00    1.00000E+00    1.00000E+00    1.00000E+00    1.00000E+00    1.00000E+00    1.00000E+00    1.00000E+00    1.00000E+00    1.00000E+00    1.00000E+00    1.00000E+00    1.00000E+00    1.00000E+00    1.00000E+00    1.00000E+00    1.00000E+00
              1.00000E+00    1.00000E+00    1.00000E+00    1.00000E+00    1.00000E+00    1.00000E+00    1.00000E+00    1.00000E+00    1.00000E+00    1.00000E+00    1.00000E+00    1.00000E+00    1.00000E+00    1.00000E+00    1.00000E+00    1.00000E+00    1.00000E+00    1.00000E+00    1.00000E+00    1.00000E+00    1.00000E+00    1.00000E+00    1.00000E+00    1.00000E+00    1.00000E+00    1.00000E+00    1.00000E+00    1.00000E+00    1.00000E+00    1.00000E+00    1.00000E+00
              1.00000E+00    1.00000E+00    1.00000E+00    1.00000E+00    1.00000E+00    1.00000E+00    1.00000E+00    1.00000E+00    1.00000E+00    1.00000E+00    1.00000E+00    1.00000E+00    1.00000E+00    1.00000E+00    1.00000E+00    1.00000E+00    1.00000E+00    1.00000E+00    1.00000E+00    1.00000E+00    1.00000E+00    1.00000E+00    1.00000E+00    1.00000E+00    1.00000E+00    1.00000E+00    1.00000E+00    1.00000E+00    1.00000E+00    1.00000E+00    1.00000E+00
              1.00000E+00    1.00000E+00    1.00000E+00    1.00000E+00    1.00000E+00    1.00000E+00    1.00000E+00    1.00000E+00    1.00000E+00    1.00000E+00    1.00000E+00    1.00000E+00    1.00000E+00    1.00000E+00    1.00000E+00    1.00000E+00    1.00000E+00    1.00000E+00    1.00000E+00    1.00000E+00    1.00000E+00    1.00000E+00    1.00000E+00    1.00000E+00    1.00000E+00    1.00000E+00    1.00000E+00    1.00000E+00    1.00000E+00    1.00000E+00    1.00000E+00
              1.79675E-02    1.79957E-02    1.79957E-02    1.79957E-02    1.79957E-02    1.79957E-02    1.79957E-02    1.79957E-02    1.79957E-02    1.79957E-02    1.79957E-02    1.79957E-02    1.79957E-02    1.79957E-02    1.79957E-02    1.79957E-02    1.79957E-02    1.79957E-02    1.79957E-02    1.79957E-02    1.79957E-02    1.79957E-02    1.79957E-02    1.79957E-02    1.79957E-02    1.79957E-02    1.79957E-02    1.79957E-02    1.79957E-02    1.79957E-02    1.79957E-02

  Activity water:

              9.98193E-01    9.99759E-01    9.99759E-01    9.99759E-01    9.99759E-01    9.99759E-01    9.99759E-01    9.99759E-01    9.99759E-01    9.99759E-01    9.99759E-01    9.99759E-01    9.99759E-01    9.99759E-01    9.99759E-01    9.99759E-01    9.99759E-01    9.99759E-01    9.99759E-01    9.99759E-01    9.99759E-01    9.99759E-01    9.99759E-01    9.99759E-01    9.99759E-01    9.99759E-01    9.99759E-01    9.99759E-01    9.99759E-01    9.99759E-01    9.99759E-01

  Final salinity:

              4.02746E-03    7.21003E-04    7.21003E-04    7.21003E-04    7.21003E-04    7.21003E-04    7.21003E-04    7.21003E-04    7.21003E-04    7.21003E-04    7.21003E-04    7.21003E-04    7.21003E-04    7.21003E-04    7.21003E-04    7.21003E-04    7.21003E-04    7.21003E-04    7.21003E-04    7.21003E-04    7.21003E-04    7.21003E-04    7.21003E-04    7.21003E-04    7.21003E-04    7.21003E-04    7.21003E-04    7.21003E-04    7.21003E-04    7.21003E-04    7.21003E-04

  Final pH:

