  Integration method chemical reactions:          Euler explicit

  Number of targets:   11


  Time step:

      1.00000E-03

  Final time:

      1.00000E-03


  Dimension + Mixing ratios (by rows) (including boundary and sink/source terms):

     11    1.00148E+00    3.52857E-02    1.24324E-03    4.38035E-05    1.54335E-06    5.43776E-08    1.91591E-09    6.75041E-11    2.37840E-12    8.38085E-14    3.18472E-15
     11    9.28570E-01    3.90000E-02    3.27168E-02    1.15272E-03    4.06145E-05    1.43099E-06    5.04187E-08    1.77642E-09    6.25896E-11    2.20549E-12    8.38085E-14
     11    9.28470E-01    1.51875E-03    3.61606E-02    3.27132E-02    1.15260E-03    4.06101E-05    1.43083E-06    5.04132E-08    1.77623E-09    6.25896E-11    2.37840E-12
     11    9.28470E-01    5.91434E-05    1.40818E-03    3.61567E-02    3.27132E-02    1.15260E-03    4.06101E-05    1.43083E-06    5.04132E-08    1.77642E-09    6.75041E-11
     11    9.28470E-01    2.30318E-06    5.48375E-05    1.40802E-03    3.61567E-02    3.27132E-02    1.15260E-03    4.06101E-05    1.43083E-06    5.04187E-08    1.91591E-09
     11    9.28470E-01    8.96909E-08    2.13550E-06    5.48316E-05    1.40802E-03    3.61567E-02    3.27132E-02    1.15260E-03    4.06101E-05    1.43099E-06    5.43776E-08
     11    9.28470E-01    3.49276E-09    8.31610E-08    2.13527E-06    5.48316E-05    1.40802E-03    3.61567E-02    3.27132E-02    1.15260E-03    4.06145E-05    1.54335E-06
     11    9.28470E-01    1.36016E-10    3.23848E-09    8.31521E-08    2.13527E-06    5.48316E-05    1.40802E-03    3.61567E-02    3.27132E-02    1.15272E-03    4.38035E-05
     11    9.28470E-01    5.29677E-12    1.26114E-10    3.23813E-09    8.31521E-08    2.13527E-06    5.48316E-05    1.40802E-03    3.61567E-02    3.27168E-02    1.24324E-03
     11    9.28570E-01    2.06290E-13    4.91168E-12    1.26114E-10    3.23848E-09    8.31610E-08    2.13550E-06    5.48375E-05    1.40818E-03    3.61606E-02    3.52857E-02
     11    1.00148E+00    8.66420E-15    2.06290E-13    5.29677E-12    1.36016E-10    3.49276E-09    8.96909E-08    2.30318E-06    5.91434E-05    1.51875E-03    3.90000E-02

  Mixing waters indices:

      1    2    3    4    5    6    7    8    9   10   11
      2    1    3    4    5    6    7    8    9   10   11
      3    1    2    4    5    6    7    8    9   10   11
      4    1    2    3    5    6    7    8    9   10   11
      5    1    2    3    4    6    7    8    9   10   11
      6    1    2    3    4    5    7    8    9   10   11
      7    1    2    3    4    5    6    8    9   10   11
      8    1    2    3    4    5    6    7    9   10   11
      9    1    2    3    4    5    6    7    8   10   11
     10    1    2    3    4    5    6    7    8    9   11
     11    1    2    3    4    5    6    7    8    9   10

  Aqueous species:

          ca+2           
          A              
          B              
          so4-2          
          h2o            
  Minerals (name + molar volume):

          gypsum             7.46900E-02
  Gases:

  Surface complexes:

  Equilibrium reactions:

          gypsum                        

  Kinetic reactions:

          A-->B                         

  Global stoichiometric matrix:

                 -1.00000        0.00000        0.00000       -1.00000        0.00000        1.00000
                  0.00000       -1.00000        1.00000        0.00000        0.00000        0.00000
  Equilibrium constants:

              3.03599E+04

  Global component matrix:

                  1.00000        0.00000        0.00000       -1.00000
                  0.00000        1.00000        0.00000        0.00000
                  0.00000        0.00000        1.00000        0.00000

  Initial concentration of aqueous species:

              1.00000E-01    1.00000E-01    1.00000E-01    1.00000E-01    1.00000E-01    1.00000E-01    1.00000E-02    1.00000E-02    1.00000E-02    1.00000E-02    1.00000E-02
              1.00000E-08    1.00000E-08    1.00000E-08    1.00000E-08    1.00000E-08    1.00000E-08    1.00000E-07    1.00000E-07    1.00000E-07    1.00000E-07    1.00000E-07
              1.00000E-10    1.00000E-10    1.00000E-10    1.00000E-10    1.00000E-10    1.00000E-10    1.00000E-09    1.00000E-09    1.00000E-09    1.00000E-09    1.00000E-09
              3.29382E-04    3.29382E-04    3.29382E-04    3.29382E-04    3.29382E-04    3.29382E-04    3.29382E-03    3.29382E-03    3.29382E-03    3.29382E-03    3.29382E-03
              5.55556E+01    5.55556E+01    5.55556E+01    5.55556E+01    5.55556E+01    5.55556E+01    5.55556E+01    5.55556E+01    5.55556E+01    5.55556E+01    5.55556E+01

  Initial activity coefficients aqueous species:

              1.00000E+00    1.00000E+00    1.00000E+00    1.00000E+00    1.00000E+00    1.00000E+00    1.00000E+00    1.00000E+00    1.00000E+00    1.00000E+00    1.00000E+00
              1.00000E+00    1.00000E+00    1.00000E+00    1.00000E+00    1.00000E+00    1.00000E+00    1.00000E+00    1.00000E+00    1.00000E+00    1.00000E+00    1.00000E+00
              1.00000E+00    1.00000E+00    1.00000E+00    1.00000E+00    1.00000E+00    1.00000E+00    1.00000E+00    1.00000E+00    1.00000E+00    1.00000E+00    1.00000E+00
              1.00000E+00    1.00000E+00    1.00000E+00    1.00000E+00    1.00000E+00    1.00000E+00    1.00000E+00    1.00000E+00    1.00000E+00    1.00000E+00    1.00000E+00
              1.79675E-02    1.79675E-02    1.79675E-02    1.79675E-02    1.79675E-02    1.79675E-02    1.79957E-02    1.79957E-02    1.79957E-02    1.79957E-02    1.79957E-02

  Initial activity water:

              9.98194E-01    9.98194E-01    9.98194E-01    9.98194E-01    9.98194E-01    9.98194E-01    9.99761E-01    9.99761E-01    9.99761E-01    9.99761E-01    9.99761E-01

  Initial salinity:

              4.02319E-03    4.02319E-03    4.02319E-03    4.02319E-03    4.02319E-03    4.02319E-03    7.16682E-04    7.16682E-04    7.16682E-04    7.16682E-04    7.16682E-04

  Final concentration of aqueous species:

              1.03781E-01    1.00147E-01    1.00006E-01    9.99963E-02    9.98893E-02    9.68585E-02    1.27808E-02    1.01027E-02    1.00043E-02    1.00076E-02    1.02133E-02
              1.03606E-08    9.99482E-09    9.98071E-09    9.98381E-09    1.00875E-08    1.30317E-08    9.64140E-08    9.96683E-08    9.98001E-08    9.99480E-08    1.04006E-07
              1.23806E-10    1.20148E-10    1.20007E-10    1.20038E-10    1.21075E-10    1.50517E-10    1.16614E-09    1.19868E-09    1.20000E-09    1.20148E-09    1.24206E-09
              3.17382E-04    3.28898E-04    3.29364E-04    3.29394E-04    3.29747E-04    3.40065E-04    2.57716E-03    3.26033E-03    3.29242E-03    3.29131E-03    3.22503E-03
              5.55556E+01    5.55556E+01    5.55556E+01    5.55556E+01    5.55556E+01    5.55556E+01    5.55556E+01    5.55556E+01    5.55556E+01    5.55556E+01    5.55556E+01

  Final concentration of aqueous species (transposed):

              1.03781E-01    1.03606E-08    1.23806E-10    3.17382E-04    5.55556E+01
              1.00147E-01    9.99482E-09    1.20148E-10    3.28898E-04    5.55556E+01
              1.00006E-01    9.98071E-09    1.20007E-10    3.29364E-04    5.55556E+01
              9.99963E-02    9.98381E-09    1.20038E-10    3.29394E-04    5.55556E+01
              9.98893E-02    1.00875E-08    1.21075E-10    3.29747E-04    5.55556E+01
              9.68585E-02    1.30317E-08    1.50517E-10    3.40065E-04    5.55556E+01
              1.27808E-02    9.64140E-08    1.16614E-09    2.57716E-03    5.55556E+01
              1.01027E-02    9.96683E-08    1.19868E-09    3.26033E-03    5.55556E+01
              1.00043E-02    9.98001E-08    1.20000E-09    3.29242E-03    5.55556E+01
              1.00076E-02    9.99480E-08    1.20148E-09    3.29131E-03    5.55556E+01
              1.02133E-02    1.04006E-07    1.24206E-09    3.22503E-03    5.55556E+01

  Final activity coefficients aqueous species:

              1.00000E+00    1.00000E+00    1.00000E+00    1.00000E+00    1.00000E+00    1.00000E+00    1.00000E+00    1.00000E+00    1.00000E+00    1.00000E+00    1.00000E+00
              1.00000E+00    1.00000E+00    1.00000E+00    1.00000E+00    1.00000E+00    1.00000E+00    1.00000E+00    1.00000E+00    1.00000E+00    1.00000E+00    1.00000E+00
              1.00000E+00    1.00000E+00    1.00000E+00    1.00000E+00    1.00000E+00    1.00000E+00    1.00000E+00    1.00000E+00    1.00000E+00    1.00000E+00    1.00000E+00
              1.00000E+00    1.00000E+00    1.00000E+00    1.00000E+00    1.00000E+00    1.00000E+00    1.00000E+00    1.00000E+00    1.00000E+00    1.00000E+00    1.00000E+00
              1.79663E-02    1.79674E-02    1.79675E-02    1.79675E-02    1.79675E-02    1.79685E-02    1.79950E-02    1.79957E-02    1.79957E-02    1.79957E-02    1.79956E-02

  Activity water:

              9.98126E-01    9.98191E-01    9.98194E-01    9.98194E-01    9.98196E-01    9.98250E-01    9.99724E-01    9.99759E-01    9.99761E-01    9.99761E-01    9.99758E-01

  Final salinity:

              4.17235E-03    4.02900E-03    4.02341E-03    4.02305E-03    4.01882E-03    3.89930E-03    7.59224E-04    7.17581E-04    7.16718E-04    7.16747E-04    7.18620E-04

  Kinetic reaction rates:

              1.00000E-08    1.00000E-08    1.00000E-08    1.00000E-08    1.00000E-08    1.00000E-08    1.00000E-07    1.00000E-07    1.00000E-07    1.00000E-07    1.00000E-07

  Reactive zone    1:

          Non-flowing species:

                    gypsum         

          Number of equilibrium reactions:         1

          Stoichiometric matrix:

                 -1.00000        0.00000        0.00000       -1.00000        0.00000        1.00000

          Equilibrium constants:

              3.03599E+04

          Primary species:

                    ca+2           
                    A              
                    B              
          Component matrix:

                  1.00000        0.00000        0.00000       -1.00000
                  0.00000        1.00000        0.00000        0.00000
                  0.00000        0.00000        1.00000        0.00000

          Initial concentration of components:

              9.96706E-02    9.96706E-02    9.96706E-02    9.96706E-02    9.96706E-02    9.96706E-02    6.70618E-03    6.70618E-03    6.70618E-03    6.70618E-03    6.70618E-03
              1.00000E-08    1.00000E-08    1.00000E-08    1.00000E-08    1.00000E-08    1.00000E-08    1.00000E-07    1.00000E-07    1.00000E-07    1.00000E-07    1.00000E-07
              1.00000E-10    1.00000E-10    1.00000E-10    1.00000E-10    1.00000E-10    1.00000E-10    1.00000E-09    1.00000E-09    1.00000E-09    1.00000E-09    1.00000E-09

          Concentration of components:

              1.03464E-01    9.98183E-02    9.96762E-02    9.96669E-02    9.95596E-02    9.65184E-02    1.02037E-02    6.84239E-03    6.71184E-03    6.71633E-03    6.98827E-03
              1.03606E-08    9.99482E-09    9.98071E-09    9.98381E-09    1.00875E-08    1.30317E-08    9.64140E-08    9.96683E-08    9.98001E-08    9.99480E-08    1.04006E-07
              1.23806E-10    1.20148E-10    1.20007E-10    1.20038E-10    1.21075E-10    1.50517E-10    1.16614E-09    1.19868E-09    1.20000E-09    1.20148E-09    1.24206E-09

          Concentration of components (transposed):

              1.03464E-01    1.03606E-08    1.23806E-10
              9.98183E-02    9.99482E-09    1.20148E-10
              9.96762E-02    9.98071E-09    1.20007E-10
              9.96669E-02    9.98381E-09    1.20038E-10
              9.95596E-02    1.00875E-08    1.21075E-10
              9.65184E-02    1.30317E-08    1.50517E-10
              1.02037E-02    9.64140E-08    1.16614E-09
              6.84239E-03    9.96683E-08    1.19868E-09
              6.71184E-03    9.98001E-08    1.20000E-09
              6.71633E-03    9.99480E-08    1.20148E-09
              6.98827E-03    1.04006E-07    1.24206E-09

          Initial volumetric fractions of minerals:

              5.00000E-01    5.00000E-01    5.00000E-01    5.00000E-01    5.00000E-01    5.00000E-01    5.00000E-01    5.00000E-01    5.00000E-01    5.00000E-01    5.00000E-01

          Volumetric fractions of minerals:

              5.00001E-01    5.00000E-01    5.00000E-01    5.00000E-01    5.00000E-01    5.00003E-01    5.00023E-01    5.00001E-01    5.00000E-01    5.00000E-01    5.00008E-01

          Initial concentration of minerals:

              1.00000E+00    1.00000E+00    1.00000E+00    1.00000E+00    1.00000E+00    1.00000E+00    1.00000E+00    1.00000E+00    1.00000E+00    1.00000E+00    1.00000E+00

          Concentration of minerals:

              1.00002E+00    1.00000E+00    1.00000E+00    1.00000E+00    1.00000E+00    1.00009E+00    1.00061E+00    1.00003E+00    1.00000E+00    1.00001E+00    1.00021E+00

          Concentration of surface complexes:


          Concentration of gases:


          Initial partial pressures of gases:


          Partial pressures of gases:


          Initial volume of gas:


          Volume of gas:


          Aqueous equilibrium reaction rates:


          Mineral equilibrium reaction rates:

              1.22678E-02    4.86243E-04    2.09061E-05    5.66931E-05    1.58830E-03    4.49173E-02    3.02567E-01    1.45757E-02    7.00577E-04    3.69244E-03    1.03666E-01

          Gas equilibrium reaction rates:

